1497 1 0 0
1348 1 64 0
1387 1 64 37
759 1 0 73
786 1 23 73
443 1 46 73
446 1 64 78
246 1 82 78
2 1 46 92
1 1 49 92
1494 2 0 0
1477 2 54 0
1472 2 54 48
1351 2 0 58
526 2 35 58
362 2 35 78
3 2 52 78
4 2 96 48
5 2 96 68
1495 3 0 0
1476 3 52 0
1473 3 52 45
1010 3 0 69
913 3 27 69
11 3 52 90
12 3 94 45
18 3 94 57
26 3 94 73
1496 4 0 0
1480 4 51 0
1455 4 51 47
949 4 0 71
914 4 26 71
28 4 91 47
35 4 91 57
38 4 91 69
39 4 91 83
1491 5 0 0
1492 5 50 0
1418 5 0 54
1152 5 38 68
1153 5 67 68
136 5 38 54
34 5 94 0
40 5 94 24
8 5 94 52
6 5 96 52
1485 6 0 0
1478 6 42 0
1465 6 42 52
1417 6 0 56
247 6 82 52
249 6 82 67
201 6 82 82
202 6 83 0
223 6 83 14
244 6 83 29
13 6 37 56
19 6 37 64
45 6 37 74
1481 7 0 0
1490 7 41 0
1451 7 0 53
1367 7 38 61
886 7 73 61
273 7 82 0
301 7 82 16
343 7 82 33
57 7 73 87
46 7 83 87
33 7 82 52
24 7 90 52
1493 8 0 0
1486 8 41 0
1339 8 41 59
687 8 0 74
719 8 75 59
527 8 22 74
326 8 81 0
327 8 81 17
357 8 81 34
157 8 75 82
77 8 88 82
1488 9 0 0
1489 9 40 0
1283 9 0 61
1322 9 32 61
1323 9 64 61
363 9 80 0
384 9 80 17
385 9 80 35
25 9 80 53
7 9 96 53
1482 10 0 0
1458 10 39 0
1459 10 39 46
1392 10 0 56
563 10 77 0
565 10 77 20
566 10 77 40
586 10 77 60
245 10 77 81
42 10 91 81
15 10 35 56
16 10 35 67
20 10 35 78
1467 11 0 0
1468 11 0 48
1437 11 38 0
1445 11 38 43
720 11 75 0
721 11 75 23
751 11 75 46
753 11 75 70
32 11 38 87
1454 12 0 0
1457 12 0 46
1464 12 37 0
1423 12 37 48
887 12 73 48
787 12 74 0
754 12 74 24
653 12 73 74
14 12 94 74
1469 13 0 0
1483 13 36 0
1431 13 0 51
1324 13 35 61
1216 13 67 61
915 13 72 0
918 13 72 26
1461 14 0 0
1466 14 35 0
1365 14 0 50
1396 14 34 52
1246 14 67 52
1041 14 70 0
756 14 70 28
95 14 67 85
97 14 78 85
52 14 89 85
47 14 92 28
1479 15 0 0
1484 15 35 0
1281 15 0 61
1282 15 31 63
1249 15 62 63
1046 15 70 0
1075 15 70 28
59 15 92 57
22 15 92 78
1487 16 0 0
1446 16 35 0
1397 16 35 48
1174 16 68 48
1107 16 0 68
1142 16 69 0
414 16 68 78
359 16 69 30
138 16 85 30
147 16 85 78
36 16 28 68
48 16 28 79
1453 17 0 0
1456 17 34 0
1398 17 0 50
1334 17 33 51
1371 17 65 51
1195 17 68 0
528 17 68 31
78 17 87 31
1471 18 0 0
1426 18 34 0
1427 18 34 47
1308 18 0 54
1261 18 67 0
1263 18 67 34
1076 18 67 68
41 18 31 54
44 18 94 68
1441 19 0 0
1460 19 33 0
1401 19 0 49
1402 19 32 53
1309 19 64 53
1320 19 66 0
179 19 66 37
197 19 79 37
23 19 92 37
21 19 95 51
1474 20 0 0
1414 20 33 0
1430 20 33 47
1450 20 65 0
1345 20 65 52
1278 20 0 60
55 20 30 60
9 20 96 52
1357 21 0 0
1358 21 0 40
1381 21 31 0
1403 21 31 43
1425 21 62 0
1279 21 62 50
265 21 0 80
198 21 14 80
98 21 62 85
100 21 73 85
80 21 84 85
93 21 92 50
27 21 27 80
51 21 93 0
54 21 93 24
1432 22 0 0
1433 22 31 0
1447 22 62 0
1296 22 0 51
1297 22 30 51
1352 22 60 53
49 22 90 53
50 22 90 66
56 22 90 79
67 22 93 0
1462 23 0 0
1463 23 31 0
1353 23 62 0
1394 23 62 41
1196 23 0 57
1197 23 29 57
94 23 92 0
111 23 92 26
112 23 92 54
68 23 58 57
1435 24 0 0
1436 24 30 0
1475 24 60 0
1241 24 0 53
1277 24 29 53
1170 24 58 66
117 24 86 66
118 24 86 79
61 24 90 0
69 24 90 15
101 24 90 31
43 24 90 50
1304 25 0 0
1382 25 0 38
1390 25 29 0
1391 25 29 47
1438 25 58 0
1212 25 58 55
131 25 86 55
145 25 86 69
92 25 0 84
126 25 87 0
158 25 87 15
159 25 87 32
53 25 10 84
1443 26 0 0
1444 26 29 0
1448 26 58 0
1214 26 0 56
1238 26 28 56
1256 26 56 57
219 26 84 57
220 26 84 73
160 26 87 0
161 26 87 17
176 26 87 34
1452 27 0 0
1270 27 0 58
1313 27 29 0
1342 27 29 40
1343 27 57 0
1344 27 57 43
148 27 28 83
156 27 40 83
175 27 85 0
192 27 85 15
194 27 85 31
195 27 85 47
208 27 85 63
209 27 85 80
1354 28 0 0
1366 28 0 44
1383 28 28 0
1384 28 28 48
1405 28 56 0
1138 28 56 51
317 28 83 51
320 28 83 70
241 28 84 0
242 28 84 17
210 28 84 34
146 28 56 82
103 28 67 82
1409 29 0 0
1439 29 28 0
1440 29 56 0
1252 29 0 52
1280 29 27 57
985 29 54 57
438 29 80 57
439 29 80 77
260 29 84 0
261 29 84 18
263 29 84 36
1442 30 0 0
1336 30 28 0
1337 30 28 44
1338 30 55 0
1377 30 55 44
1007 30 0 58
344 30 82 0
345 30 82 19
347 30 82 38
373 30 82 57
321 30 82 77
29 30 26 58
1378 31 0 0
1415 31 27 0
1416 31 54 0
1009 31 0 49
1037 31 26 56
1038 31 52 56
557 31 78 56
478 31 0 77
481 31 78 77
361 31 81 0
378 31 81 18
379 31 81 37
66 31 18 77
1420 32 0 0
1470 32 27 0
1039 32 0 57
1067 32 54 0
1069 32 54 30
1070 32 54 60
978 32 26 68
471 32 80 0
473 32 80 21
474 32 80 42
475 32 80 63
1071 33 0 0
1128 33 0 30
1185 33 0 62
1206 33 26 0
1207 33 26 35
1219 33 52 0
1220 33 52 36
824 33 26 70
825 33 49 72
654 33 72 72
558 33 78 0
608 33 78 21
609 33 78 44
1222 34 0 0
1230 34 0 36
1243 34 26 0
1245 34 26 38
1259 34 52 0
1274 34 52 39
657 34 0 73
610 34 78 0
611 34 78 23
640 34 78 46
642 34 78 70
482 34 21 76
285 34 39 76
211 34 52 79
212 34 64 79
1289 35 0 0
1312 35 0 41
1349 35 26 0
1359 35 26 47
1360 35 52 0
979 35 52 48
614 35 77 48
648 35 77 70
644 35 78 0
485 35 52 76
486 35 78 24
102 35 70 76
1374 36 0 0
1380 36 26 0
1386 36 52 0
1002 36 0 50
1003 36 25 51
1004 36 50 52
816 36 75 52
668 36 78 0
669 36 78 25
380 36 75 78
213 36 0 79
214 36 12 79
215 36 24 80
169 36 36 80
120 36 47 81
71 36 56 81
72 36 64 81
58 36 91 78
1393 37 0 0
1408 37 26 0
1411 37 52 0
1005 37 0 53
1006 37 25 56
1035 37 50 57
819 37 75 57
670 37 78 0
696 37 78 25
79 37 0 82
81 37 8 82
1419 38 0 0
1428 38 26 0
1434 38 52 0
1060 38 0 59
1061 38 25 60
1094 38 50 61
820 38 75 61
697 38 78 0
727 38 78 26
1096 39 0 0
1098 39 0 32
1119 39 0 64
1121 39 25 0
1178 39 25 33
1201 39 50 0
1215 39 50 36
942 39 25 68
821 39 75 0
822 39 75 26
842 39 75 52
686 39 49 73
230 39 70 79
184 39 82 79
1227 40 0 0
1265 40 0 38
1291 40 25 0
1301 40 25 43
1315 40 50 0
1341 40 50 45
843 40 75 0
844 40 75 27
874 40 75 54
127 40 0 79
128 40 9 79
62 40 18 79
1362 41 0 0
1363 41 25 0
1364 41 50 0
944 41 0 50
970 41 24 50
971 41 48 50
972 41 72 50
875 41 75 0
550 41 75 28
381 41 0 78
129 41 16 79
130 41 25 79
143 41 34 79
144 41 43 79
89 41 52 79
90 41 60 79
104 41 68 79
105 41 76 79
106 41 84 79
10 41 96 28
1379 42 0 0
1385 42 25 0
1412 42 50 0
996 42 0 53
1079 42 24 54
1080 42 48 60
1081 42 72 60
878 42 75 0
902 42 75 28
1413 43 0 0
1424 43 25 0
1083 43 0 60
1109 43 24 62
1111 43 48 62
1141 43 50 0
1144 43 72 35
846 43 72 70
847 43 74 0
711 43 50 35
17 43 96 26
1148 44 0 0
1151 44 0 35
1165 44 24 0
1167 44 24 36
1169 44 48 0
1186 44 48 36
1187 44 72 0
1188 44 72 37
881 44 0 70
712 44 23 72
713 44 44 73
649 44 65 74
251 44 85 74
31 44 96 0
1189 45 0 0
1228 45 0 37
1229 45 24 0
1239 45 24 40
1240 45 48 0
1267 45 48 41
1268 45 72 0
1285 45 72 43
407 45 0 77
107 45 16 77
1295 46 0 0
1305 46 0 45
1316 46 24 0
1331 46 24 47
1332 46 48 0
1333 46 72 0
882 46 48 49
883 46 71 49
408 46 48 76
410 46 64 76
427 46 80 76
1361 47 0 0
1376 47 24 0
1410 47 48 0
1449 47 72 0
884 47 0 52
885 47 23 55
939 47 46 61
714 47 69 69
119 47 0 79
121 47 8 79
110 47 90 69
63 47 16 79
940 48 0 0
941 48 0 29
964 48 0 58
987 48 23 0
1018 48 23 31
1019 48 23 63
1020 48 46 0
1049 48 46 32
1074 48 69 0
1101 48 69 34
903 48 46 65
715 48 68 69
122 48 89 69
125 48 92 0
133 48 92 30
1102 49 0 0
1123 49 0 35
1124 49 23 0
1177 49 23 36
1193 49 46 0
1223 49 46 39
1224 49 69 0
1232 49 69 41
716 49 0 71
650 49 21 74
134 49 92 0
135 49 92 31
142 49 92 62
1233 50 0 0
1234 50 0 42
1257 50 23 0
1258 50 23 44
1286 50 46 0
1287 50 46 46
1321 50 69 0
925 50 69 50
74 50 91 50
75 50 91 69
173 50 92 0
1330 51 0 0
1340 51 23 0
1347 51 46 0
1373 51 69 0
926 51 0 51
927 51 22 52
955 51 44 53
1027 51 66 56
162 51 88 56
163 51 88 75
182 51 92 0
1395 52 0 0
1400 52 23 0
1429 52 46 0
1031 52 0 60
1057 52 22 61
1058 52 69 0
1082 52 69 35
717 52 44 68
747 52 65 71
221 52 86 71
82 52 91 0
83 52 91 20
84 52 91 40
1084 53 0 0
1108 53 0 36
1132 53 22 0
1134 53 22 38
1137 53 44 0
1247 53 44 38
1269 53 66 0
1284 53 66 47
651 53 0 73
428 53 20 76
164 53 88 0
171 53 88 19
172 53 88 39
174 53 88 59
123 53 36 76
1292 54 0 0
1293 54 22 0
1302 54 44 0
1319 54 66 0
748 54 0 49
777 54 21 49
780 54 42 50
781 54 63 52
551 54 0 74
553 54 18 75
430 54 36 76
286 54 52 78
303 54 84 52
304 54 84 72
252 54 65 78
187 54 88 0
203 54 88 21
1328 55 0 0
1329 55 22 0
1335 55 44 0
1346 55 66 0
809 55 0 53
810 55 21 53
811 55 42 54
835 55 63 55
350 55 84 55
267 55 84 77
229 55 88 0
232 55 88 24
1369 56 0 0
862 56 0 58
863 56 21 58
864 56 22 0
896 56 42 29
920 56 42 59
943 56 63 0
945 56 63 32
966 56 63 64
676 56 22 29
678 56 43 0
351 56 84 0
352 56 84 22
353 56 84 44
367 56 84 66
968 57 0 0
969 57 0 33
989 57 21 0
991 57 21 34
1012 57 42 0
1014 57 42 35
1017 57 63 0
1042 57 63 35
680 57 0 66
681 57 20 68
684 57 40 70
706 57 60 71
504 57 80 71
368 57 84 0
369 57 84 23
370 57 84 46
1043 58 0 0
1044 58 0 36
1064 58 21 0
1088 58 21 37
1089 58 42 0
1140 58 42 38
1143 58 63 0
1145 58 63 40
707 58 0 72
507 58 20 75
371 58 84 0
394 58 84 23
395 58 84 47
401 58 84 71
189 58 37 78
191 58 47 78
1147 59 0 0
1149 59 0 40
1163 59 21 0
1205 59 21 41
1213 59 42 0
1231 59 42 44
1242 59 63 0
1254 59 63 47
402 59 84 0
403 59 84 24
436 59 84 48
275 59 84 74
1255 60 0 0
1266 60 0 48
1300 60 21 0
1307 60 42 0
1355 60 63 0
708 60 21 52
709 60 41 53
739 60 61 59
465 60 81 59
334 60 21 77
437 60 84 0
493 60 84 26
1372 61 0 0
1375 61 21 0
1399 61 42 0
1404 61 63 0
741 61 0 61
742 61 20 62
769 61 40 66
770 61 60 68
508 61 80 68
494 61 84 0
496 61 84 28
1406 62 0 0
773 62 0 69
796 62 20 69
798 62 21 0
799 62 21 28
801 62 40 56
803 62 41 0
804 62 41 28
848 62 60 56
850 62 61 0
595 62 61 30
599 62 79 30
510 62 80 54
467 62 81 0
336 62 80 76
851 63 0 0
880 63 0 30
928 63 0 61
929 63 20 0
953 63 20 33
954 63 40 0
976 63 40 34
977 63 60 0
980 63 60 35
784 63 20 67
600 63 39 69
604 63 57 70
627 63 75 70
543 63 80 0
590 63 80 23
418 63 80 48
30 63 95 48
981 64 0 0
1095 64 0 35
1099 64 20 0
1118 64 20 40
1146 64 40 0
1150 64 40 42
1161 64 60 0
1162 64 60 43
591 64 80 0
619 64 80 25
620 64 80 51
419 64 0 75
339 64 80 77
1179 65 0 0
1200 65 0 44
1202 65 20 0
1262 65 20 45
1264 65 40 0
1272 65 60 0
837 65 40 51
838 65 59 52
839 65 78 52
621 65 80 0
560 65 80 26
1273 66 0 0
1275 66 20 0
1276 66 40 0
1288 66 60 0
856 66 0 52
857 66 19 52
860 66 38 52
861 66 57 53
888 66 76 53
647 66 80 0
564 66 80 27
37 66 95 52
1294 67 0 0
1303 67 20 0
1314 67 40 0
1317 67 60 0
889 67 0 54
909 67 19 55
936 67 38 56
1000 67 57 57
1001 67 76 57
671 67 80 0
672 67 80 28
1318 68 0 0
1356 68 20 0
1389 68 40 0
1421 68 60 0
628 68 0 57
664 68 18 62
665 68 36 68
673 68 80 0
693 68 80 28
694 68 80 57
340 68 54 77
276 68 68 77
1065 69 0 0
1115 69 0 41
1116 69 19 0
1117 69 19 43
1133 69 38 0
1135 69 38 44
1136 69 57 0
1157 69 57 44
1176 69 76 0
1190 69 76 46
65 69 95 0
1208 70 0 0
1217 70 0 48
1218 70 19 0
1226 70 38 0
1244 70 57 0
688 70 19 49
710 70 37 50
744 70 55 52
745 70 73 52
746 70 76 0
420 70 76 29
289 70 19 76
86 70 31 76
88 70 91 29
109 70 91 50
766 71 0 0
793 71 0 30
794 71 0 61
870 71 18 0
894 71 18 34
897 71 36 0
900 71 36 35
910 71 54 0
912 71 54 36
937 71 72 0
938 71 72 37
594 71 18 69
596 71 34 70
450 71 50 72
451 71 65 74
388 71 80 74
114 71 90 0
132 71 90 20
150 71 90 42
983 72 0 0
984 72 0 39
994 72 18 0
995 72 18 40
997 72 36 0
1021 72 36 40
1040 72 54 0
1047 72 54 42
1048 72 72 0
1059 72 72 42
155 72 90 0
166 72 90 24
167 72 90 49
1085 73 0 0
1103 73 0 44
1104 73 18 0
1105 73 18 45
1106 73 36 0
1155 73 36 45
1164 73 54 0
1166 73 54 48
1168 73 72 0
1183 73 72 48
177 73 90 0
178 73 90 26
186 73 90 52
1198 74 0 0
1221 74 18 0
1248 74 36 0
1298 74 54 0
1310 74 72 0
695 74 0 50
722 74 17 52
725 74 34 55
774 74 51 60
775 74 68 62
313 74 85 62
188 74 90 0
200 74 90 27
1350 75 0 0
1370 75 18 0
1422 75 36 0
806 75 54 0
807 75 54 33
831 75 71 0
832 75 71 34
623 75 0 68
658 75 54 66
476 75 16 71
480 75 70 68
314 75 85 68
248 75 88 0
250 75 88 25
845 76 0 0
890 76 0 35
891 76 17 0
933 76 17 37
934 76 34 0
935 76 34 39
973 76 51 0
974 76 51 41
990 76 68 0
1011 76 68 42
490 76 0 72
329 76 85 0
330 76 85 23
331 76 85 46
372 76 85 69
235 76 15 76
141 76 26 76
1025 77 0 0
1026 77 0 44
1028 77 17 0
1029 77 17 44
1030 77 34 0
1050 77 34 44
1054 77 51 0
1073 77 51 45
1090 77 68 0
1091 77 68 47
376 77 85 0
397 77 85 25
398 77 85 51
239 77 85 77
1092 78 0 0
1093 78 0 47
1112 78 17 0
1129 78 17 48
1130 78 34 0
1131 78 51 0
1203 78 68 0
685 78 34 49
702 78 50 49
703 78 66 53
492 78 82 53
432 78 85 0
256 78 85 28
205 78 82 77
1204 79 0 0
1210 79 17 0
1211 79 34 0
1235 79 51 0
1271 79 68 0
704 79 0 53
705 79 16 54
757 79 32 54
828 79 48 57
829 79 64 61
830 79 80 61
453 79 85 0
454 79 85 29
1325 80 0 0
1326 80 17 0
840 80 34 0
841 80 34 37
858 80 50 0
859 80 50 38
904 80 66 0
905 80 66 40
511 80 0 68
537 80 15 68
538 80 82 0
539 80 82 26
541 80 82 52
389 80 30 74
222 80 44 76
149 80 54 76
921 81 0 0
961 81 0 41
962 81 16 0
992 81 16 43
993 81 32 0
998 81 32 45
999 81 48 0
1056 81 48 45
1078 81 64 0
1097 81 80 0
542 81 64 49
572 81 79 50
390 81 64 75
60 81 94 50
1100 82 0 0
1110 82 16 0
1113 82 32 0
1114 82 48 0
1125 82 64 0
1126 82 80 0
585 82 0 50
607 82 15 51
625 82 30 51
629 82 45 51
660 82 60 52
661 82 75 52
207 82 90 52
1127 83 0 0
1180 83 16 0
1181 83 32 0
1191 83 48 0
1192 83 64 0
1225 83 80 0
701 83 0 52
723 83 15 55
724 83 30 55
749 83 45 56
767 83 60 56
790 83 75 59
225 83 90 59
1237 84 0 0
1250 84 16 0
1251 84 32 0
1299 84 48 0
791 84 64 0
792 84 64 37
812 84 79 0
813 84 79 38
412 84 0 61
413 84 14 62
429 84 28 62
495 84 42 68
278 84 56 74
279 84 67 74
151 84 78 76
153 84 86 76
64 84 94 0
73 84 94 37
814 85 0 0
849 85 0 38
872 85 15 0
892 85 15 41
930 85 30 0
947 85 30 44
948 85 45 0
965 85 45 45
1013 85 60 0
1015 85 75 0
497 85 60 49
498 85 74 49
236 85 60 75
259 85 88 49
154 85 70 75
168 85 78 75
170 85 86 75
227 85 90 0
1016 86 0 0
1032 86 15 0
1033 86 30 0
1034 86 45 0
1036 86 60 0
1051 86 75 0
522 86 0 49
523 86 14 50
545 86 28 50
546 86 42 50
547 86 56 50
573 86 70 51
514 86 84 51
254 86 90 0
1052 87 0 0
1053 87 15 0
1055 87 30 0
1066 87 45 0
1068 87 60 0
1086 87 75 0
574 87 0 51
605 87 14 51
606 87 28 51
674 87 42 52
689 87 56 52
690 87 70 53
515 87 84 53
255 87 90 0
1087 88 0 0
1120 88 15 0
1139 88 30 0
1156 88 45 0
1158 88 60 0
1173 88 75 0
733 88 0 53
761 88 14 55
797 88 28 56
805 88 42 57
516 88 56 57
517 88 69 58
518 88 82 58
266 88 90 0
70 88 95 34
1199 89 0 0
1209 89 15 0
1236 89 30 0
1253 89 45 0
1260 89 60 0
1407 89 75 0
519 89 0 60
540 89 13 61
568 89 26 65
455 89 39 67
456 89 51 68
293 89 63 68
290 89 90 0
318 89 90 36
823 90 0 0
854 90 0 41
873 90 14 0
876 90 14 44
877 90 28 0
893 90 28 44
895 90 42 0
898 90 42 45
899 90 56 0
906 90 56 45
907 90 70 0
908 90 70 46
569 90 84 0
570 90 84 31
617 90 84 62
922 91 0 0
923 91 0 47
924 91 14 0
946 91 14 47
958 91 28 0
959 91 42 0
960 91 56 0
975 91 70 0
618 91 28 49
636 91 41 49
637 91 54 49
638 91 67 50
639 91 80 50
662 91 84 0
85 91 93 36
982 92 0 0
988 92 14 0
1008 92 28 0
1023 92 42 0
1045 92 56 0
1077 92 70 0
663 92 0 50
666 92 13 51
698 92 26 52
734 92 39 53
735 92 52 54
736 92 65 56
737 92 78 56
738 92 84 0
140 92 91 40
165 92 91 66
1122 93 0 0
1171 93 14 0
1172 93 28 0
1182 93 42 0
1306 93 56 0
1388 93 70 0
743 93 84 0
762 93 84 40
487 93 0 59
491 93 12 62
503 93 24 62
529 93 36 63
181 93 48 63
763 94 0 0
776 94 0 41
778 94 13 0
779 94 13 42
795 94 26 0
815 94 26 43
817 94 39 0
833 94 39 44
834 94 52 0
865 94 52 45
866 94 65 0
867 94 65 47
868 94 78 0
901 94 78 47
183 94 91 0
224 94 91 31
916 95 0 0
917 95 13 0
919 95 26 0
950 95 39 0
963 95 52 0
986 95 65 0
1022 95 78 0
530 95 0 50
552 95 12 50
554 95 24 50
555 95 36 52
579 95 48 53
584 95 60 54
593 95 72 57
597 95 84 57
226 95 91 0
1072 96 0 0
1154 96 13 0
1159 96 26 0
1184 96 39 0
1194 96 52 0
1311 96 65 0
1368 96 78 0
603 96 0 60
294 96 12 65
295 96 23 66
296 96 34 68
297 96 45 69
262 96 56 69
233 96 91 0
234 96 91 36
622 97 0 0
643 97 0 37
675 97 12 0
679 97 12 40
691 97 24 0
692 97 24 41
730 97 36 0
731 97 36 43
732 97 48 0
755 97 48 43
765 97 60 0
768 97 60 45
772 97 72 0
785 97 72 45
788 97 84 0
789 97 84 46
808 98 0 0
826 98 0 47
827 98 12 0
836 98 12 48
852 98 24 0
853 98 36 0
869 98 48 0
931 98 60 0
932 98 72 0
956 98 84 0
298 98 24 50
299 98 24 73
315 98 35 50
316 98 46 51
328 98 57 55
349 98 68 55
366 98 79 57
253 98 35 74
319 98 90 57
957 99 0 0
1024 99 12 0
1327 99 24 0
387 99 0 57
405 99 11 62
406 99 36 0
421 99 36 29
441 99 36 59
442 99 47 0
466 99 47 31
470 99 47 63
505 99 58 0
506 99 58 34
509 99 69 0
533 99 69 34
575 99 80 0
576 99 80 37
268 99 58 68
271 99 68 69
243 99 91 0
269 99 91 37
577 100 0 0
578 100 0 37
612 100 11 0
613 100 11 40
615 100 22 0
634 100 22 40
635 100 33 0
652 100 33 41
655 100 44 0
656 100 44 42
699 100 55 0
700 100 55 45
718 100 66 0
750 100 66 46
752 100 77 0
758 100 77 48
280 100 88 0
281 100 88 27
282 100 88 54
764 101 0 0
782 101 11 0
783 101 22 0
818 101 33 0
855 101 44 0
967 101 55 0
1290 101 66 0
272 101 0 49
305 101 10 50
307 101 20 50
338 101 30 52
364 101 40 55
375 101 50 63
377 101 77 0
391 101 77 30
392 101 77 61
393 101 87 0
411 101 87 31
422 101 87 63
193 101 0 73
91 101 60 63
423 102 0 0
424 102 0 33
440 102 10 0
457 102 10 34
458 102 20 0
459 102 20 35
460 102 30 0
463 102 30 35
488 102 40 0
502 102 40 36
561 102 50 0
581 102 50 40
582 102 60 0
587 102 60 41
592 102 70 0
624 102 70 43
626 102 80 0
631 102 80 45
308 102 0 66
196 102 9 69
204 102 17 70
206 102 25 70
335 102 90 0
337 102 90 40
632 103 0 0
667 103 0 45
677 103 10 0
682 103 10 48
683 103 20 0
726 103 30 0
740 103 40 0
760 103 50 0
771 103 60 0
800 103 70 0
802 103 80 0
309 103 20 48
310 103 29 51
311 103 38 52
323 103 47 53
324 103 56 54
332 103 65 56
333 103 74 56
383 103 83 56
354 103 90 0
190 103 92 41
879 104 0 0
952 104 10 0
1160 104 20 0
386 104 0 62
415 104 30 0
425 104 30 36
426 104 39 0
444 104 39 37
445 104 48 0
464 104 48 38
477 104 57 0
479 104 57 40
483 104 66 0
524 104 66 40
535 104 75 0
556 104 75 43
571 104 84 0
583 104 84 45
217 104 9 68
96 104 93 0
99 104 93 33
588 105 0 0
598 105 0 47
601 105 9 0
602 105 9 48
616 105 18 0
630 105 27 0
633 105 36 0
645 105 45 0
646 105 54 0
728 105 63 0
729 105 72 0
871 105 81 0
218 105 18 49
231 105 26 50
257 105 34 50
258 105 42 51
274 105 50 51
288 105 58 57
358 105 66 57
355 105 90 0
404 105 90 41
270 105 74 57
911 106 0 0
1175 106 9 0
360 106 18 0
365 106 18 36
382 106 26 0
396 106 26 38
399 106 34 0
400 106 34 39
409 106 42 0
416 106 42 40
448 106 50 0
449 106 50 43
468 106 58 0
469 106 58 44
484 106 66 0
489 106 66 45
500 106 74 0
501 106 74 46
512 106 82 0
513 106 82 47
417 106 90 0
434 106 90 47
531 107 0 0
532 107 0 48
544 107 8 0
548 107 16 0
549 107 24 0
562 107 32 0
567 107 40 0
580 107 48 0
589 107 56 0
641 107 64 0
659 107 72 0
1062 107 80 0
1063 107 88 0
435 107 8 49
284 107 15 49
291 107 21 49
292 107 27 50
302 107 33 50
312 107 39 50
322 107 45 51
216 107 51 51
228 107 56 53
108 107 61 57
113 107 65 57
115 107 69 58
116 107 73 58
447 108 0 0
461 108 7 0
462 108 14 0
472 108 21 0
520 108 28 0
521 108 35 0
525 108 42 0
534 108 49 0
559 108 56 0
951 108 63 0
341 108 0 49
342 108 6 50
356 108 70 0
374 108 76 0
431 108 82 0
433 108 88 0
237 108 12 50
238 108 17 51
264 108 70 48
137 108 22 51
139 108 26 54
152 108 30 54
180 108 75 50
87 108 34 54
124 108 94 0
452 109 0 0
499 109 6 0
283 109 12 0
300 109 17 0
306 109 22 0
325 109 27 0
346 109 32 0
348 109 37 0
185 109 12 49
199 109 42 0
240 109 46 0
277 109 50 0
287 109 54 0
536 109 58 0
76 109 62 0
