1497 1 0 0
1474 1 64 0
1348 1 64 60
786 1 0 73
787 1 23 73
595 1 46 73
1494 2 0 0
1477 2 54 0
1473 2 54 48
1392 2 0 58
1000 2 35 58
2 2 54 93
17 2 96 48
1 2 57 93
1495 3 0 0
1476 3 52 0
1472 3 52 45
1041 3 0 69
978 3 27 69
24 3 52 89
25 3 59 89
13 3 66 89
11 3 71 89
124 3 94 45
3 3 76 89
1496 4 0 0
1480 4 51 0
1465 4 51 47
949 4 0 71
913 4 26 71
374 4 91 47
1491 5 0 0
1492 5 50 0
1455 5 0 54
1152 5 40 68
1107 5 69 68
92 5 40 54
87 5 94 0
34 5 94 42
1485 6 0 0
1493 6 42 0
1418 6 0 56
759 6 38 74
719 6 61 74
1388 6 83 0
27 6 38 56
1490 7 0 0
1481 7 41 0
1451 7 41 53
1367 7 0 61
1085 7 79 53
1086 7 82 0
233 7 35 61
1478 8 0 0
1488 8 41 0
1445 8 0 52
1351 8 37 61
1201 8 72 61
1237 8 81 0
1489 9 0 0
1486 9 40 0
1365 9 40 59
1339 9 0 61
1177 9 74 59
1235 9 80 0
234 9 34 61
1482 10 0 0
1467 10 39 0
1468 10 39 48
1417 10 0 56
1421 10 77 0
563 10 77 77
37 10 37 56
1458 11 0 0
1459 11 0 46
1464 11 38 0
1457 11 38 48
1369 11 75 0
1132 11 75 58
1454 12 0 0
1437 12 0 46
1483 12 37 0
1322 12 37 61
1256 12 69 61
1410 12 73 0
1469 13 0 0
1423 13 0 51
1487 13 36 0
1153 13 36 68
1075 13 65 68
1434 13 71 0
173 13 92 61
1484 14 0 0
1479 14 35 0
1323 14 35 61
1283 14 0 63
1296 14 67 61
1420 14 70 0
55 14 32 63
1466 15 0 0
1461 15 35 0
1431 15 0 52
1426 15 35 50
1390 15 68 50
1377 15 70 0
1471 16 0 0
1456 16 34 0
1396 16 0 54
1397 16 33 54
1403 16 66 51
1391 16 68 0
1453 17 0 0
1446 17 34 0
1441 17 34 48
1427 17 0 50
1394 17 67 48
1382 17 68 0
10 17 33 50
1460 18 0 0
1398 18 0 53
1387 18 33 0
1450 18 33 41
1430 18 65 41
1357 18 66 0
1414 19 0 0
1401 19 0 47
1402 19 32 0
1371 19 32 44
1334 19 64 0
1324 19 64 37
751 19 64 73
157 19 32 84
136 19 45 84
315 19 86 73
48 19 57 84
31 19 96 0
1462 20 0 0
1463 20 31 0
1447 20 62 0
1381 20 62 53
1358 20 0 57
1345 20 31 57
536 20 93 0
1432 21 0 0
1433 21 31 0
1425 21 62 0
1320 21 0 51
1308 21 31 51
1309 21 62 50
57 21 31 87
46 21 41 87
33 21 0 88
36 21 62 86
32 21 50 87
28 21 69 86
19 21 57 87
287 21 93 0
113 21 93 62
15 21 75 86
16 21 79 86
1281 22 0 0
1282 22 0 34
1475 22 31 0
1435 22 61 0
1352 22 61 53
1216 22 31 66
1076 22 0 68
499 22 91 0
224 22 91 61
67 22 27 68
1436 23 0 0
1353 23 0 53
1297 23 30 0
1278 23 30 36
1279 23 60 0
1261 23 60 35
1046 23 60 69
914 23 30 71
338 23 87 69
559 23 90 0
35 23 90 57
93 23 55 71
1263 24 0 0
1246 24 0 34
1249 24 30 0
1452 24 30 33
1448 24 59 33
1195 24 60 0
1174 24 0 67
728 24 88 31
288 24 89 0
9 24 29 67
1443 25 0 0
1444 25 29 0
1438 25 58 0
1304 25 0 56
1277 25 29 56
1241 25 58 55
1160 25 87 0
1196 26 0 0
1197 26 0 31
1442 26 29 0
1439 26 57 0
1313 26 57 57
1270 26 29 58
1238 26 0 62
1327 26 85 0
7 26 28 62
1440 27 0 0
1409 27 28 0
1405 27 56 0
1366 27 28 52
1354 27 56 51
1212 27 0 57
1368 27 84 0
1383 28 0 0
1384 28 0 48
1342 28 28 0
1343 28 28 43
1344 28 56 0
1214 28 56 43
586 28 56 76
565 28 76 76
1194 28 84 0
6 28 96 69
1170 29 0 0
1142 29 0 31
1470 29 28 0
1415 29 55 0
1280 29 55 56
1138 29 0 61
1010 29 27 68
1407 29 82 0
5 29 54 68
1416 30 0 0
1378 30 27 0
1336 30 27 49
1337 30 54 0
1338 30 54 44
1252 30 0 56
1299 30 81 0
658 30 81 68
1428 31 0 0
1419 31 26 0
1411 31 52 0
1274 31 52 57
1243 31 26 59
1230 31 0 60
1244 31 78 0
1157 31 78 52
1408 32 0 0
1393 32 26 0
1386 32 52 0
1312 32 26 53
1289 32 0 56
1259 32 52 52
1226 32 78 0
1190 32 78 50
1380 33 0 0
1374 33 26 0
1359 33 52 0
1360 33 52 48
1349 33 26 50
1245 33 0 51
1217 33 78 0
1208 33 78 49
1219 34 0 0
1220 34 0 36
1222 34 26 0
1206 34 26 36
1207 34 52 0
1185 34 52 35
1007 34 52 69
915 34 26 71
824 34 0 72
1218 34 78 0
1176 34 78 49
26 34 23 72
4 34 51 71
1128 35 0 0
1067 35 0 32
1069 35 0 62
1070 35 26 0
1071 35 26 30
1037 35 26 60
1038 35 52 0
1039 35 52 29
1009 35 52 58
1133 35 78 0
1135 35 78 44
985 36 0 0
1424 36 0 27
1412 36 25 27
1413 36 50 0
1215 36 50 60
886 36 26 0
1346 36 75 0
1134 36 75 55
1385 37 0 0
1379 37 25 0
1362 37 50 0
1315 37 50 50
1301 37 25 53
1291 37 0 54
1335 37 75 0
1137 37 75 54
1363 38 0 0
1364 38 25 0
1341 38 50 0
1265 38 0 50
1227 38 25 50
1178 38 50 48
1328 38 75 0
1108 38 75 53
201 38 50 83
131 38 64 83
1119 39 0 0
1121 39 0 33
1094 39 25 0
1096 39 25 32
1098 39 25 64
1060 39 0 66
1061 39 50 0
1035 39 50 31
1002 39 50 61
1329 39 75 0
1082 39 75 53
1003 40 0 0
1004 40 0 29
1005 40 0 58
1006 40 25 0
979 40 25 29
918 40 25 57
1449 40 50 0
942 40 50 69
1429 40 74 0
939 40 74 68
202 40 25 83
117 40 39 83
1376 41 0 0
1361 41 24 0
1331 41 48 0
1332 41 72 0
1316 41 48 49
1305 41 72 49
1295 41 24 52
1239 41 0 55
1333 42 0 0
1285 42 0 49
1267 42 24 0
1268 42 24 43
1240 42 48 0
1228 42 48 41
1229 42 72 0
1186 42 72 40
566 42 72 77
273 42 48 81
120 42 63 81
45 42 92 77
1187 43 0 0
1188 43 0 37
1189 43 24 0
1165 43 24 37
1167 43 48 0
1169 43 48 36
1141 43 72 0
1144 43 72 35
887 43 72 70
825 43 48 72
753 43 24 73
720 43 0 74
14 43 22 74
8 43 46 73
1148 44 0 0
1151 44 0 35
1109 44 24 0
1111 44 24 34
1079 44 48 0
1080 44 48 33
1081 44 72 0
1083 44 72 33
996 44 48 66
970 44 24 68
971 44 72 66
881 44 0 70
972 45 0 0
944 45 0 29
1400 45 24 0
1395 45 47 0
1373 45 70 0
1223 45 70 56
1193 45 0 57
1123 45 23 61
1124 45 46 61
277 45 93 0
115 45 93 60
1347 46 0 0
1340 46 23 0
1330 46 46 0
1321 46 69 0
1286 46 46 51
1287 46 69 50
1257 46 0 53
1258 46 23 52
346 46 92 0
190 46 92 57
1232 47 0 0
1233 47 0 42
1234 47 23 0
1224 47 23 42
1101 47 46 0
1102 47 46 35
1074 47 69 0
1049 47 69 34
964 47 69 67
882 47 46 70
179 47 23 83
138 47 0 84
118 47 12 84
78 47 36 83
348 47 92 0
182 47 92 57
1018 48 0 0
1019 48 0 32
1020 48 0 64
987 48 23 0
940 48 23 31
941 48 23 60
883 48 46 0
884 48 46 27
885 48 46 54
846 48 69 0
847 48 69 26
1247 48 69 52
246 48 46 81
89 48 61 81
322 48 91 52
306 48 92 0
1319 49 0 0
1302 49 22 0
1292 49 44 0
1293 49 66 0
1284 49 44 49
1269 49 22 50
1084 49 0 52
1057 49 66 49
95 49 66 84
97 49 77 84
1175 49 88 0
1058 50 0 0
1027 50 0 35
1031 50 22 0
955 50 22 34
925 50 22 65
926 50 44 0
927 50 44 30
902 50 44 60
903 50 66 0
874 50 0 69
875 50 66 29
878 50 66 57
98 50 66 85
100 50 77 85
911 50 88 0
248 50 88 72
842 51 0 0
843 51 0 27
844 51 0 54
816 51 22 0
819 51 22 26
820 51 22 52
821 51 44 0
822 51 44 26
754 51 44 52
756 51 66 0
721 51 66 24
687 51 66 47
835 51 66 69
557 51 44 76
443 51 22 78
247 51 0 81
305 51 87 69
871 51 88 0
69 51 15 81
23 51 40 78
18 51 63 76
1406 52 0 0
1404 52 21 0
1399 52 42 0
1375 52 63 0
1012 52 63 62
920 52 42 66
862 52 21 68
809 52 0 69
1311 52 84 0
1372 53 0 0
1355 53 21 0
1307 53 42 0
1300 53 63 0
1213 53 42 53
1205 53 63 52
1088 53 21 59
1042 53 0 61
1184 53 84 0
514 53 84 68
1266 54 0 0
1254 54 0 49
1255 54 21 0
1242 54 21 48
1231 54 42 0
1163 54 42 46
1140 54 63 0
1143 54 63 40
362 54 63 80
363 54 80 80
1159 54 84 0
147 54 84 66
1145 55 0 0
1147 55 0 40
1149 55 21 0
1089 55 21 40
1064 55 42 0
1043 55 42 37
1044 55 63 0
1014 55 63 36
777 55 63 71
711 55 42 73
446 55 21 78
326 55 0 80
1154 55 84 0
568 55 84 65
20 55 16 80
12 55 39 78
1017 56 0 0
989 56 0 35
991 56 21 0
966 56 21 34
968 56 42 0
969 56 42 33
943 56 63 0
945 56 63 32
896 56 21 67
863 56 42 66
864 56 63 64
810 56 0 69
1072 56 84 0
662 56 84 60
811 57 0 0
780 57 0 27
781 57 0 53
747 57 21 0
748 57 21 25
712 57 21 50
713 57 42 0
714 57 42 24
715 57 42 48
716 57 42 72
717 57 63 0
686 57 21 74
653 57 63 24
654 57 63 46
657 57 63 68
384 57 0 79
1022 57 84 0
734 57 84 57
22 57 17 79
1389 58 0 0
1356 58 20 0
1317 58 40 0
1318 58 60 0
1095 58 40 57
1099 58 60 57
976 58 20 62
796 58 0 68
1325 58 80 0
693 58 80 68
1314 59 0 0
1303 59 20 0
1294 59 40 0
1288 59 60 0
1179 59 60 53
1161 59 40 54
1146 59 20 55
1118 59 0 56
1326 59 80 0
694 59 80 68
1272 60 0 0
1273 60 20 0
1275 60 40 0
1276 60 60 0
1200 60 0 52
1202 60 20 52
1162 60 40 52
1150 60 60 52
1271 60 80 0
845 60 80 61
1262 61 0 0
1264 61 20 0
977 61 0 51
980 61 20 51
981 61 40 0
953 61 40 35
954 61 60 0
928 61 60 34
848 61 60 67
798 61 40 69
1210 61 80 0
1011 61 80 54
929 62 0 0
880 62 0 33
850 62 0 64
851 62 20 0
799 62 20 30
801 62 20 58
803 62 40 0
804 62 40 28
769 62 40 56
770 62 60 0
773 62 60 27
739 62 60 54
1211 62 80 0
990 62 80 54
327 62 60 80
148 62 40 83
66 62 52 83
741 63 0 0
742 63 0 26
706 63 0 52
707 63 20 0
708 63 20 25
709 63 20 50
676 63 40 0
678 63 40 24
680 63 40 48
681 63 40 72
684 63 60 0
648 63 60 24
649 63 60 47
650 63 60 70
614 63 20 75
526 63 0 77
1203 63 80 0
1025 63 80 53
651 64 0 0
1136 64 0 23
1115 64 19 23
1116 64 38 0
1117 64 38 43
1065 64 57 0
1001 64 57 41
936 64 76 0
909 64 76 35
837 64 19 66
784 64 0 67
727 64 76 69
550 64 20 0
385 64 57 79
76 64 95 0
30 64 95 57
888 65 0 0
889 65 0 33
856 65 19 0
857 65 19 32
860 65 19 64
861 65 38 0
838 65 0 66
839 65 38 32
696 65 38 63
697 65 57 0
668 65 57 26
669 65 57 51
670 65 76 0
640 65 76 25
642 65 76 49
644 65 76 73
558 65 57 76
65 65 95 0
29 65 95 56
608 66 0 0
609 66 0 23
610 66 0 46
611 66 0 69
527 66 19 0
528 66 19 20
1422 66 38 0
1370 66 56 0
1350 66 74 0
1248 66 19 40
744 66 74 68
664 66 56 71
325 66 92 0
228 66 92 54
1310 67 0 0
1298 67 18 0
1221 67 36 0
1198 67 54 0
1183 67 72 0
1164 67 72 49
1155 67 54 50
1103 67 36 52
937 67 18 60
894 67 0 62
951 67 90 0
1166 68 0 0
1168 68 0 48
1104 68 18 0
1105 68 18 45
1106 68 36 0
1059 68 36 45
1040 68 54 0
1047 68 54 42
1048 68 72 0
1021 68 72 42
156 68 72 83
80 68 54 84
77 68 84 83
52 68 64 84
534 68 90 0
200 68 90 55
994 69 0 0
995 69 0 40
997 69 18 0
983 69 18 40
984 69 36 0
938 69 36 39
910 69 54 0
912 69 54 36
897 69 72 0
900 69 72 35
688 69 72 70
627 69 54 72
478 69 36 76
357 69 18 79
301 69 0 80
520 69 90 0
354 69 90 54
870 70 0 0
793 70 0 34
794 70 0 65
766 70 18 0
745 70 18 30
746 70 18 59
710 70 36 0
665 70 36 28
628 70 36 54
599 70 54 0
600 70 54 24
604 70 54 48
551 70 54 72
553 70 72 0
481 70 72 22
482 70 72 42
485 70 72 62
359 70 36 79
249 70 72 82
126 70 87 82
521 70 90 0
186 70 90 54
486 71 0 0
1204 71 0 20
1129 71 17 20
1130 71 34 0
1131 71 51 0
1112 71 34 49
1090 71 51 49
1091 71 68 0
1092 71 68 47
671 71 17 69
543 71 0 73
407 71 18 0
1024 71 85 0
584 71 85 62
1093 72 0 0
1073 72 0 47
1050 72 17 0
1054 72 17 45
1026 72 34 0
1028 72 34 44
1029 72 51 0
1030 72 51 44
973 72 68 0
974 72 68 41
223 72 68 82
197 72 82 82
956 72 85 0
372 72 85 57
933 73 0 0
934 73 0 39
935 73 17 0
890 73 17 39
891 73 34 0
831 73 34 37
832 73 51 0
806 73 51 34
807 73 68 0
774 73 68 33
775 73 68 65
722 73 51 67
619 73 34 71
471 73 17 76
414 73 0 78
957 73 85 0
675 73 85 57
725 74 0 0
695 74 0 30
672 74 0 59
673 74 17 0
647 74 17 28
620 74 17 55
621 74 34 0
590 74 34 26
591 74 34 51
504 74 51 0
507 74 51 22
508 74 51 44
510 74 51 66
473 74 34 76
474 74 68 0
475 74 68 21
438 74 68 42
439 74 68 62
244 74 17 81
198 74 68 82
931 74 85 0
691 74 85 55
1250 75 0 0
1251 75 16 0
1225 75 32 0
1191 75 48 0
1192 75 64 0
1180 75 80 0
921 75 48 56
904 75 64 56
905 75 80 55
858 75 32 59
757 75 0 62
702 75 16 62
1181 76 0 0
1125 76 16 0
1126 76 32 0
1127 76 48 0
1110 76 64 0
1113 76 80 0
992 76 16 52
993 76 32 52
998 76 48 52
999 76 64 51
961 76 80 51
859 76 0 55
1114 77 0 0
1097 77 16 0
1100 77 32 0
1078 77 48 0
1056 77 48 49
962 77 0 51
840 77 16 50
841 77 32 50
828 77 64 0
829 77 64 36
830 77 80 0
703 77 80 36
685 77 80 67
560 77 64 72
704 78 0 0
705 78 0 31
623 78 0 62
594 78 16 0
596 78 16 27
564 78 16 54
465 78 32 0
467 78 32 22
427 78 32 44
428 78 32 65
430 78 48 0
408 78 48 21
410 78 48 41
378 78 48 61
379 78 64 0
380 78 64 19
381 78 64 38
361 78 16 79
1260 78 80 0
849 78 64 57
607 78 79 68
265 78 48 80
40 78 94 68
70 78 95 0
1253 79 0 0
1236 79 15 0
1209 79 30 0
1199 79 45 0
1173 79 60 0
1156 79 75 0
812 79 60 58
813 79 75 57
790 79 45 60
767 79 30 61
660 79 15 65
625 79 0 67
525 79 90 0
355 79 90 54
1158 80 0 0
1139 80 15 0
1120 80 30 0
1087 80 45 0
1066 80 60 0
1068 80 75 0
947 80 60 52
948 80 75 52
930 80 45 53
892 80 30 55
872 80 15 56
814 80 0 57
472 80 90 0
404 80 90 51
1051 81 0 0
1052 81 15 0
1053 81 30 0
1055 81 45 0
1032 81 60 0
1033 81 75 0
965 81 0 51
791 81 15 51
792 81 30 51
749 81 45 51
723 81 60 50
724 81 75 50
53 81 60 84
461 81 90 0
417 81 90 50
49 81 68 84
50 81 75 84
1034 82 0 0
1036 82 15 0
1013 82 30 0
1015 82 45 0
1016 82 60 0
701 82 0 50
661 82 15 50
629 82 30 49
585 82 45 49
572 82 60 49
537 82 75 0
538 82 75 26
539 82 75 52
373 82 45 77
343 82 60 76
344 82 75 78
245 82 15 81
260 82 30 79
71 82 0 83
462 82 90 0
335 82 90 50
56 82 8 83
541 83 0 0
542 83 0 26
511 83 0 52
476 83 15 0
480 83 15 24
490 83 15 48
492 83 15 72
450 83 30 0
451 83 30 23
418 83 30 46
419 83 30 68
420 83 45 0
345 83 0 77
347 83 45 22
1306 83 60 0
1182 83 74 0
1077 83 45 41
674 83 74 63
261 83 59 79
729 83 88 0
477 83 88 57
1171 84 0 0
1172 84 14 0
1122 84 28 0
1045 84 42 0
1023 84 56 0
1008 84 70 0
893 84 70 52
873 84 56 53
854 84 42 54
761 84 28 59
689 84 0 62
690 84 14 62
986 84 84 0
795 84 84 54
988 85 0 0
975 85 14 0
982 85 28 0
958 85 42 0
959 85 56 0
960 85 70 0
946 85 42 49
922 85 14 50
923 85 28 50
924 85 56 49
906 85 0 51
907 85 70 49
963 85 84 0
815 85 84 53
908 86 0 0
895 86 0 46
898 86 14 0
899 86 14 45
876 86 28 0
877 86 28 44
823 86 42 0
797 86 42 41
805 86 56 0
733 86 56 40
605 86 70 0
606 86 70 31
573 86 70 62
334 86 56 77
950 86 84 0
833 86 84 52
219 86 42 81
574 87 0 0
545 87 0 29
546 87 0 57
547 87 14 0
522 87 14 28
523 87 14 55
495 87 28 0
497 87 28 26
498 87 28 52
429 87 42 0
412 87 42 24
413 87 42 47
388 87 42 70
389 87 56 0
390 87 56 22
336 87 56 44
339 87 56 64
340 87 70 0
317 87 28 78
320 87 70 20
321 87 70 39
916 87 84 0
865 87 84 50
698 87 70 58
175 87 14 82
917 88 0 0
919 88 13 0
901 88 26 0
866 88 0 50
867 88 13 50
868 88 26 49
834 88 39 0
817 88 39 45
776 88 52 0
778 88 52 42
779 88 65 0
762 88 65 42
763 88 78 0
735 88 78 41
220 88 78 81
72 88 65 83
452 88 91 0
243 88 91 58
736 89 0 0
737 89 0 40
738 89 13 0
743 89 13 40
663 89 26 0
666 89 26 36
636 89 39 0
637 89 39 35
638 89 52 0
639 89 52 35
617 89 65 0
618 89 65 34
569 89 78 0
570 89 78 31
540 89 78 62
515 89 65 68
436 89 39 70
437 89 52 70
394 89 26 72
241 89 0 80
242 89 13 80
431 89 91 0
284 89 91 56
516 90 0 0
517 90 0 29
518 90 0 58
519 90 13 0
493 90 13 29
494 90 13 57
496 90 26 0
395 90 26 28
401 90 26 52
402 90 39 0
403 90 39 24
367 90 39 48
368 90 39 71
369 90 52 0
370 90 52 23
371 90 52 46
350 90 52 69
351 90 65 0
352 90 65 22
353 90 65 44
303 90 26 76
304 90 65 66
285 90 78 0
286 90 78 19
263 90 78 38
692 90 78 56
337 90 90 56
433 90 91 0
932 91 0 0
869 91 12 0
852 91 24 0
853 91 36 0
836 91 48 0
826 91 48 49
827 91 60 0
808 91 24 50
785 91 12 51
788 91 36 50
789 91 60 48
765 91 72 0
768 91 72 45
772 91 84 0
755 91 84 45
679 91 0 55
730 92 0 0
731 92 0 43
732 92 12 0
643 92 12 43
622 92 24 0
593 92 24 37
597 92 36 0
603 92 36 36
579 92 48 0
552 92 48 34
554 92 60 0
555 92 60 33
529 92 72 0
530 92 72 32
503 92 60 66
487 92 48 67
491 92 72 64
453 92 84 0
454 92 84 29
455 92 84 58
376 92 36 72
329 92 24 73
192 92 12 81
456 93 0 0
432 93 0 29
397 93 0 57
398 93 12 0
330 93 12 26
331 93 12 49
313 93 12 72
314 93 24 0
289 93 24 22
267 93 24 43
275 93 24 63
276 93 36 0
251 93 36 20
252 93 36 39
230 93 36 58
208 93 36 76
209 93 48 0
210 93 48 17
211 93 48 34
212 93 48 51
213 93 48 68
214 93 60 0
215 93 60 17
194 93 60 34
195 93 60 50
1290 93 72 0
967 93 83 0
505 93 83 63
441 93 60 66
38 93 0 83
39 93 6 83
42 93 24 83
43 93 30 83
73 93 94 0
64 93 94 38
855 94 0 0
818 94 11 0
782 94 22 0
783 94 33 0
764 94 44 0
750 94 44 49
752 94 55 0
758 94 55 48
718 94 22 50
699 94 11 52
700 94 33 50
652 94 0 55
655 94 66 0
656 94 66 42
634 94 77 0
635 94 77 41
145 94 77 82
645 94 88 0
583 94 88 51
612 95 0 0
613 95 0 40
615 95 11 0
575 95 11 40
576 95 22 0
577 95 22 37
578 95 33 0
533 95 33 37
506 95 44 0
509 95 44 34
466 95 55 0
470 95 55 32
442 95 55 64
421 95 66 0
405 95 44 68
406 95 66 30
387 95 66 59
366 95 77 0
349 95 77 27
328 95 33 72
316 95 77 53
293 95 22 74
235 95 11 77
239 95 77 77
184 95 0 80
646 95 88 0
571 95 88 51
294 96 0 0
295 96 0 23
296 96 0 46
297 96 0 69
298 96 11 0
299 96 11 23
278 96 11 46
279 96 11 68
256 96 22 0
221 96 22 21
169 96 22 40
146 96 22 56
952 96 33 0
879 96 43 0
800 96 53 0
802 96 63 0
771 96 73 0
760 96 83 0
592 96 73 54
587 96 83 53
581 96 53 56
582 96 63 56
457 96 43 62
364 96 33 68
307 96 22 71
240 96 93 0
152 96 93 55
740 97 0 0
726 97 10 0
677 97 20 0
682 97 20 48
683 97 30 0
667 97 30 48
624 97 0 52
626 97 10 51
631 97 40 0
632 97 40 45
561 97 50 0
502 97 50 40
488 97 60 0
458 97 60 36
459 97 70 0
460 97 70 35
463 97 80 0
440 97 80 35
268 97 60 71
271 97 70 70
272 97 80 69
205 97 50 77
447 97 90 0
434 97 90 49
422 98 0 0
423 98 0 33
424 98 10 0
411 98 10 33
391 98 0 66
392 98 10 65
393 98 20 0
375 98 20 31
377 98 20 61
253 98 30 0
236 98 30 23
222 98 30 45
189 98 30 66
191 98 40 0
176 98 40 19
158 98 40 37
159 98 40 54
160 98 40 71
161 98 50 0
630 98 50 17
633 98 59 17
616 98 68 0
598 98 68 49
601 98 77 0
602 98 77 48
588 98 86 0
556 98 86 47
323 98 50 67
324 98 59 67
104 98 60 0
21 98 95 0
535 99 0 0
524 99 0 43
479 99 9 0
483 99 9 40
464 99 18 0
444 99 18 39
445 99 27 0
425 99 27 38
426 99 36 0
415 99 36 37
383 99 45 0
386 99 45 34
332 99 54 0
333 99 54 31
308 99 45 68
309 99 54 62
310 99 63 0
311 99 63 29
280 99 63 58
281 99 72 0
282 99 72 27
259 99 72 54
262 99 81 0
250 99 81 26
229 99 36 73
232 99 81 51
203 99 27 75
187 99 81 75
171 99 18 77
127 99 9 80
128 99 72 80
435 99 90 0
318 99 90 48
172 100 0 0
174 100 0 20
162 100 0 40
163 100 0 59
164 100 0 78
143 100 9 0
144 100 9 18
129 100 9 36
130 100 9 53
103 100 9 70
1062 100 18 0
1063 100 26 0
659 100 34 0
641 100 42 0
589 100 50 0
580 100 58 0
562 100 66 0
567 100 74 0
544 100 82 0
531 100 82 49
512 100 66 50
513 100 74 50
500 100 58 51
468 100 50 53
409 100 42 57
396 100 34 58
319 100 90 0
290 100 90 38
132 100 90 74
548 101 0 0
549 101 8 0
532 101 0 49
501 101 8 49
484 101 16 0
489 101 16 45
469 101 24 0
448 101 24 44
449 101 32 0
416 101 32 43
399 101 40 0
400 101 40 39
382 101 48 0
365 101 48 38
358 101 56 0
360 101 56 36
274 101 64 0
257 101 64 30
258 101 64 59
231 101 72 0
217 101 72 27
218 101 72 53
204 101 56 72
206 101 80 0
193 101 80 25
196 101 80 49
181 101 80 73
168 101 48 75
170 101 88 0
149 101 88 22
151 101 88 43
153 101 88 64
119 101 40 78
121 101 72 79
154 102 0 0
141 102 0 21
122 102 0 41
123 102 0 59
105 102 0 77
106 102 8 0
107 102 8 17
90 102 8 34
79 102 8 50
81 102 8 65
266 102 16 0
254 102 16 34
255 102 23 0
225 102 16 67
227 102 23 33
207 102 23 63
188 102 30 0
177 102 30 27
178 102 30 53
166 102 37 0
167 102 37 25
150 102 37 50
155 102 44 0
110 102 37 74
114 102 44 24
101 102 44 44
102 102 44 63
61 102 8 80
356 102 51 0
341 102 51 48
342 102 57 0
312 102 57 47
302 102 63 0
291 102 63 43
292 102 69 0
269 102 69 42
270 102 75 0
226 102 75 40
183 102 81 0
165 102 81 31
140 102 81 60
109 102 87 0
86 102 75 75
88 102 87 23
82 102 87 44
83 102 87 64
62 102 30 79
199 102 93 0
185 102 93 49
84 103 0 0
74 103 0 20
75 103 0 39
63 103 0 58
58 103 0 76
300 103 6 0
283 103 11 0
264 103 11 49
237 103 6 51
238 103 16 0
216 103 16 44
142 103 21 0
133 103 21 32
134 103 21 63
135 103 26 0
125 103 26 31
111 103 26 61
112 103 31 0
94 103 31 28
59 103 31 54
47 103 31 75
180 103 36 0
137 103 36 46
139 103 40 0
116 103 40 39
108 103 44 0
96 103 44 34
99 103 48 0
91 103 48 33
85 103 48 65
68 103 44 67
51 103 52 0
54 103 52 24
60 103 52 48
41 103 55 48
44 103 56 0
