1 2 92 46
1 1348 0 64
1 1387 37 64
1 1 92 49
1 759 73 0
1 446 78 64
1 443 73 46
1 246 78 82
1 1497 0 0
1 786 73 23
2 1494 0 0
2 4 48 96
2 1351 58 0
2 5 68 96
2 526 58 35
2 3 78 52
2 1477 0 54
2 362 78 35
2 1472 48 54
3 1473 45 52
3 11 90 52
3 1495 0 0
3 1010 69 0
3 913 69 27
3 18 57 94
3 26 73 94
3 12 45 94
3 1476 0 52
4 1455 47 51
4 1496 0 0
4 914 71 26
4 38 69 91
4 1480 0 51
4 28 47 91
4 35 57 91
4 39 83 91
4 949 71 0
5 6 52 96
5 1492 0 50
5 1491 0 0
5 34 0 94
5 1152 68 38
5 8 52 94
5 136 54 38
5 1153 68 67
5 1418 54 0
5 40 24 94
6 1485 0 0
6 249 67 82
6 244 29 83
6 1417 56 0
6 223 14 83
6 13 56 37
6 45 74 37
6 1465 52 42
6 19 64 37
6 201 82 82
6 202 0 83
6 1478 0 42
6 247 52 82
7 273 0 82
7 1490 0 41
7 1481 0 0
7 1451 53 0
7 24 52 90
7 1367 61 38
7 301 16 82
7 57 87 73
7 886 61 73
7 46 87 83
7 33 52 82
7 343 33 82
8 357 34 81
8 1486 0 41
8 1493 0 0
8 719 59 75
8 157 82 75
8 1339 59 41
8 77 82 88
8 326 0 81
8 527 74 22
8 327 17 81
8 687 74 0
9 384 17 80
9 1322 61 32
9 1488 0 0
9 363 0 80
9 1283 61 0
9 385 35 80
9 1489 0 40
9 1323 61 64
9 7 53 96
9 25 53 80
10 15 56 35
10 1459 46 39
10 1482 0 0
10 1458 0 39
10 16 67 35
10 1392 56 0
10 245 81 77
10 586 60 77
10 42 81 91
10 20 78 35
10 566 40 77
10 565 20 77
10 563 0 77
11 720 0 75
11 721 23 75
11 1467 0 0
11 32 87 38
11 751 46 75
11 1445 43 38
11 1437 0 38
11 753 70 75
11 1468 48 0
12 653 74 73
12 754 24 74
12 887 48 73
12 1454 0 0
12 1464 0 37
12 1423 48 37
12 787 0 74
12 1457 46 0
12 14 74 94
13 1469 0 0
13 915 0 72
13 1216 61 67
13 1431 51 0
13 1324 61 35
13 918 26 72
13 1483 0 36
14 1041 0 70
14 1461 0 0
14 47 28 92
14 97 85 78
14 52 85 89
14 1466 0 35
14 756 28 70
14 95 85 67
14 1246 52 67
14 1365 50 0
14 1396 52 34
15 1479 0 0
15 1249 63 62
15 22 78 92
15 1484 0 35
15 1075 28 70
15 1281 61 0
15 1282 63 31
15 59 57 92
15 1046 0 70
16 359 30 69
16 147 78 85
16 1487 0 0
16 1446 0 35
16 414 78 68
16 1174 48 68
16 138 30 85
16 48 79 28
16 36 68 28
16 1142 0 69
16 1107 68 0
16 1397 48 35
17 1456 0 34
17 1453 0 0
17 78 31 87
17 528 31 68
17 1371 51 65
17 1334 51 33
17 1398 50 0
17 1195 0 68
18 1261 0 67
18 1426 0 34
18 1263 34 67
18 1471 0 0
18 1308 54 0
18 1427 47 34
18 44 68 94
18 1076 68 67
18 41 54 31
19 1401 49 0
19 1320 0 66
19 1441 0 0
19 1309 53 64
19 21 51 95
19 1402 53 32
19 1460 0 33
19 197 37 79
19 23 37 92
19 179 37 66
20 55 60 30
20 1474 0 0
20 9 52 96
20 1414 0 33
20 1278 60 0
20 1450 0 65
20 1345 52 65
20 1430 47 33
21 1403 43 31
21 1357 0 0
21 1425 0 62
21 98 85 62
21 93 50 92
21 80 85 84
21 100 85 73
21 1279 50 62
21 27 80 27
21 265 80 0
21 51 0 93
21 54 24 93
21 1358 40 0
21 1381 0 31
21 198 80 14
22 1352 53 60
22 56 79 90
22 49 53 90
22 1432 0 0
22 1447 0 62
22 1297 51 30
22 1296 51 0
22 1433 0 31
22 67 0 93
22 50 66 90
23 1462 0 0
23 1353 0 62
23 111 26 92
23 94 0 92
23 1196 57 0
23 1197 57 29
23 1394 41 62
23 1463 0 31
23 112 54 92
23 68 57 58
24 69 15 90
24 1435 0 0
24 1241 53 0
24 1436 0 30
24 61 0 90
24 118 79 86
24 1277 53 29
24 1170 66 58
24 101 31 90
24 117 66 86
24 1475 0 60
24 43 50 90
25 1390 0 29
25 1304 0 0
25 131 55 86
25 92 84 0
25 1212 55 58
25 1438 0 58
25 145 69 86
25 1382 38 0
25 126 0 87
25 158 15 87
25 159 32 87
25 1391 47 29
25 53 84 10
26 1256 57 56
26 160 0 87
26 1443 0 0
26 219 57 84
26 176 34 87
26 220 73 84
26 161 17 87
26 1448 0 58
26 1214 56 0
26 1444 0 29
26 1238 56 28
27 195 47 85
27 1452 0 0
27 1270 58 0
27 1342 40 29
27 175 0 85
27 194 31 85
27 156 83 40
27 1313 0 29
27 1343 0 57
27 1344 43 57
27 192 15 85
27 209 80 85
27 208 63 85
27 148 83 28
28 1138 51 56
28 1354 0 0
28 317 51 83
28 320 70 83
28 1384 48 28
28 210 34 84
28 241 0 84
28 1366 44 0
28 103 82 67
28 1383 0 28
28 1405 0 56
28 242 17 84
28 146 82 56
29 263 36 84
29 985 57 54
29 1409 0 0
29 1440 0 56
29 1252 52 0
29 438 57 80
29 261 18 84
29 1439 0 28
29 1280 57 27
29 439 77 80
29 260 0 84
30 344 0 82
30 321 77 82
30 1442 0 0
30 1007 58 0
30 373 57 82
30 29 58 26
30 347 38 82
30 1338 0 55
30 1336 0 28
30 1377 44 55
30 345 19 82
30 1337 44 28
31 1415 0 27
31 378 18 81
31 66 77 18
31 1378 0 0
31 1037 56 26
31 361 0 81
31 1038 56 52
31 478 77 0
31 557 56 78
31 481 77 78
31 1009 49 0
31 1416 0 54
31 379 37 81
32 1470 0 27
32 1420 0 0
32 471 0 80
32 978 68 26
32 474 42 80
32 1039 57 0
32 1070 60 54
32 473 21 80
32 1067 0 54
32 475 63 80
32 1069 30 54
33 825 72 49
33 1071 0 0
33 1206 0 26
33 1207 35 26
33 1220 36 52
33 1219 0 52
33 609 44 78
33 654 72 72
33 558 0 78
33 608 21 78
33 1185 62 0
33 1128 30 0
33 824 70 26
34 1222 0 0
34 212 79 64
34 285 76 39
34 1243 0 26
34 640 46 78
34 642 70 78
34 1274 39 52
34 610 0 78
34 1259 0 52
34 1230 36 0
34 657 73 0
34 482 76 21
34 1245 38 26
34 611 23 78
34 211 79 52
35 1359 47 26
35 1289 0 0
35 1349 0 26
35 486 24 78
35 614 48 77
35 1360 0 52
35 648 70 77
35 485 76 52
35 644 0 78
35 1312 41 0
35 102 76 70
35 979 48 52
36 214 79 12
36 1374 0 0
36 58 78 91
36 213 79 0
36 71 81 56
36 1380 0 26
36 669 25 78
36 1003 51 25
36 1002 50 0
36 1386 0 52
36 72 81 64
36 816 52 75
36 668 0 78
36 380 78 75
36 169 80 36
36 1004 52 50
36 215 80 24
36 120 81 47
37 81 82 8
37 1393 0 0
37 1005 53 0
37 670 0 78
37 1035 57 50
37 79 82 0
37 1408 0 26
37 1006 56 25
37 819 57 75
37 696 25 78
37 1411 0 52
38 1060 59 0
38 1419 0 0
38 697 0 78
38 1428 0 26
38 727 26 78
38 820 61 75
38 1094 61 50
38 1061 60 25
38 1434 0 52
39 1201 0 50
39 1098 32 0
39 686 73 49
39 942 68 25
39 184 79 82
39 822 26 75
39 1096 0 0
39 1215 36 50
39 821 0 75
39 1121 0 25
39 1119 64 0
39 842 52 75
39 1178 33 25
39 230 79 70
40 1315 0 50
40 1341 45 50
40 1227 0 0
40 127 79 0
40 128 79 9
40 62 79 18
40 874 54 75
40 843 0 75
40 1265 38 0
40 1291 0 25
40 1301 43 25
40 844 27 75
41 1364 0 50
41 105 79 76
41 1362 0 0
41 90 79 60
41 970 50 24
41 381 78 0
41 104 79 68
41 550 28 75
41 944 50 0
41 875 0 75
41 1363 0 25
41 972 50 72
41 129 79 16
41 130 79 25
41 143 79 34
41 144 79 43
41 89 79 52
41 10 28 96
41 971 50 48
41 106 79 84
42 878 0 75
42 1412 0 50
42 1385 0 25
42 1379 0 0
42 996 53 0
42 1081 60 72
42 1079 54 24
42 902 28 75
42 1080 60 48
43 1109 62 24
43 1424 0 25
43 1413 0 0
43 711 35 50
43 846 70 72
43 847 0 74
43 1141 0 50
43 1111 62 48
43 17 26 96
43 1144 35 72
43 1083 60 0
44 1148 0 0
44 1186 36 48
44 1188 37 72
44 1187 0 72
44 712 72 23
44 1167 36 24
44 881 70 0
44 1169 0 48
44 251 74 85
44 31 0 96
44 649 74 65
44 1151 35 0
44 1165 0 24
44 713 73 44
45 107 77 16
45 1189 0 0
45 1228 37 0
45 1239 40 24
45 1267 41 48
45 407 77 0
45 1268 0 72
45 1240 0 48
45 1229 0 24
45 1285 43 72
46 882 49 48
46 1332 0 48
46 1331 47 24
46 883 49 71
46 427 76 80
46 1333 0 72
46 1316 0 24
46 1305 45 0
46 410 76 64
46 1295 0 0
46 408 76 48
47 1361 0 0
47 714 69 69
47 119 79 0
47 884 52 0
47 1449 0 72
47 885 55 23
47 110 69 90
47 1410 0 48
47 939 61 46
47 63 79 16
47 1376 0 24
47 121 79 8
48 940 0 0
48 1018 31 23
48 1019 63 23
48 133 30 92
48 715 69 68
48 941 29 0
48 125 0 92
48 903 65 46
48 987 0 23
48 1020 0 46
48 1074 0 69
48 122 69 89
48 1101 34 69
48 1049 32 46
48 964 58 0
49 1177 36 23
49 1232 41 69
49 135 31 92
49 1102 0 0
49 142 62 92
49 1223 39 46
49 716 71 0
49 1124 0 23
49 1193 0 46
49 1224 0 69
49 134 0 92
49 650 74 21
49 1123 35 0
50 1233 0 0
50 1257 0 23
50 1234 42 0
50 1321 0 69
50 1287 46 46
50 1258 44 23
50 173 0 92
50 74 50 91
50 75 69 91
50 925 50 69
50 1286 0 46
51 955 53 44
51 927 52 22
51 1330 0 0
51 1340 0 23
51 1347 0 46
51 1373 0 69
51 162 56 88
51 1027 56 66
51 926 51 0
51 182 0 92
51 163 75 88
52 82 0 91
52 1395 0 0
52 83 20 91
52 1058 0 69
52 717 68 44
52 1400 0 23
52 1429 0 46
52 1057 61 22
52 747 71 65
52 84 40 91
52 221 71 86
52 1031 60 0
52 1082 35 69
53 171 19 88
53 1084 0 0
53 172 39 88
53 1137 0 44
53 174 59 88
53 1284 47 66
53 1108 36 0
53 1247 38 44
53 1269 0 66
53 428 76 20
53 1134 38 22
53 651 73 0
53 164 0 88
53 1132 0 22
53 123 76 36
54 1292 0 0
54 1302 0 44
54 203 21 88
54 303 52 84
54 252 78 65
54 780 50 42
54 748 49 0
54 1319 0 66
54 430 76 36
54 551 74 0
54 304 72 84
54 781 52 63
54 777 49 21
54 286 78 52
54 553 75 18
54 1293 0 22
54 187 0 88
55 267 77 84
55 350 55 84
55 1328 0 0
55 809 53 0
55 810 53 21
55 1335 0 44
55 1346 0 66
55 232 24 88
55 835 55 63
55 811 54 42
55 1329 0 22
55 229 0 88
56 1369 0 0
56 863 58 21
56 862 58 0
56 943 0 63
56 351 0 84
56 678 0 43
56 353 44 84
56 920 59 42
56 676 29 22
56 367 66 84
56 896 29 42
56 945 32 63
56 864 0 22
56 966 64 63
56 352 22 84
57 969 33 0
57 369 23 84
57 968 0 0
57 989 0 21
57 1014 35 42
57 991 34 21
57 368 0 84
57 370 46 84
57 1012 0 42
57 684 70 40
57 1042 35 63
57 706 71 60
57 681 68 20
57 1017 0 63
57 680 66 0
57 504 71 80
58 394 23 84
58 1043 0 0
58 1145 40 63
58 1064 0 21
58 1140 38 42
58 507 75 20
58 371 0 84
58 189 78 37
58 401 71 84
58 1088 37 21
58 1044 36 0
58 1089 0 42
58 395 47 84
58 707 72 0
58 1143 0 63
58 191 78 47
59 1147 0 0
59 1163 0 21
59 403 24 84
59 275 74 84
59 1231 44 42
59 402 0 84
59 1205 41 21
59 1254 47 63
59 1213 0 42
59 1149 40 0
59 1242 0 63
59 436 48 84
60 493 26 84
60 708 52 21
60 1255 0 0
60 1300 0 21
60 709 53 41
60 437 0 84
60 1266 48 0
60 1307 0 42
60 465 59 81
60 1355 0 63
60 334 77 21
60 739 59 61
61 1404 0 63
61 1372 0 0
61 769 66 40
61 1375 0 21
61 508 68 80
61 496 28 84
61 1399 0 42
61 770 68 60
61 741 61 0
61 742 62 20
61 494 0 84
62 803 0 41
62 1406 0 0
62 798 0 21
62 595 30 61
62 799 28 21
62 467 0 81
62 850 0 61
62 510 54 80
62 801 56 40
62 773 69 0
62 804 28 41
62 796 69 20
62 336 76 80
62 599 30 79
62 848 56 60
63 851 0 0
63 976 34 40
63 784 67 20
63 604 70 57
63 954 0 40
63 953 33 20
63 980 35 60
63 929 0 20
63 600 69 39
63 543 0 80
63 590 23 80
63 977 0 60
63 30 48 95
63 880 30 0
63 418 48 80
63 928 61 0
63 627 70 75
64 1146 0 40
64 981 0 0
64 1162 43 60
64 1118 40 20
64 1150 42 40
64 1099 0 20
64 419 75 0
64 591 0 80
64 1161 0 60
64 619 25 80
64 620 51 80
64 339 77 80
64 1095 35 0
65 1262 45 20
65 837 51 40
65 1179 0 0
65 838 52 59
65 1200 44 0
65 1272 0 60
65 560 26 80
65 839 52 78
65 1264 0 40
65 621 0 80
65 1202 0 20
66 888 53 76
66 1273 0 0
66 856 52 0
66 1276 0 40
66 1275 0 20
66 860 52 38
66 564 27 80
66 647 0 80
66 1288 0 60
66 37 52 95
66 861 53 57
66 857 52 19
67 889 54 0
67 1294 0 0
67 671 0 80
67 936 56 38
67 1317 0 60
67 909 55 19
67 672 28 80
67 1314 0 40
67 1001 57 76
67 1000 57 57
67 1303 0 20
68 1389 0 40
68 1318 0 0
68 340 77 54
68 628 57 0
68 665 68 36
68 1356 0 20
68 693 28 80
68 276 77 68
68 673 0 80
68 1421 0 60
68 694 57 80
68 664 62 18
69 1116 0 19
69 1136 0 57
69 1065 0 0
69 1190 46 76
69 1176 0 76
69 1115 41 0
69 1135 44 38
69 65 0 95
69 1117 43 19
69 1157 44 57
69 1133 0 38
70 86 76 31
70 1208 0 0
70 745 52 73
70 746 0 76
70 109 50 91
70 688 49 19
70 710 50 37
70 1226 0 38
70 744 52 55
70 1218 0 19
70 1244 0 57
70 1217 48 0
70 289 76 19
70 420 29 76
70 88 29 91
71 870 0 18
71 766 0 0
71 388 74 80
71 150 42 90
71 894 34 18
71 794 61 0
71 594 69 18
71 937 0 72
71 132 20 90
71 912 36 54
71 596 70 34
71 114 0 90
71 900 35 36
71 450 72 50
71 451 74 65
71 793 30 0
71 938 37 72
71 910 0 54
71 897 0 36
72 994 0 18
72 983 0 0
72 1021 40 36
72 155 0 90
72 1048 0 72
72 1059 42 72
72 984 39 0
72 167 49 90
72 995 40 18
72 166 24 90
72 1047 42 54
72 1040 0 54
72 997 0 36
73 1104 0 18
73 1105 45 18
73 1085 0 0
73 186 52 90
73 178 26 90
73 177 0 90
73 1168 0 72
73 1166 48 54
73 1103 44 0
73 1155 45 36
73 1183 48 72
73 1164 0 54
73 1106 0 36
74 1221 0 18
74 1198 0 0
74 774 60 51
74 188 0 90
74 1310 0 72
74 695 50 0
74 722 52 17
74 1298 0 54
74 725 55 34
74 313 62 85
74 200 27 90
74 775 62 68
74 1248 0 36
75 1370 0 18
75 1350 0 0
75 831 0 71
75 480 68 70
75 250 25 88
75 314 68 85
75 658 66 54
75 832 34 71
75 623 68 0
75 807 33 54
75 248 0 88
75 806 0 54
75 476 71 16
75 1422 0 36
76 935 39 34
76 933 37 17
76 845 0 0
76 329 0 85
76 1011 42 68
76 235 76 15
76 891 0 17
76 330 23 85
76 141 76 26
76 934 0 34
76 974 41 51
76 372 69 85
76 973 0 51
76 890 35 0
76 490 72 0
76 331 46 85
76 990 0 68
77 397 25 85
77 1025 0 0
77 376 0 85
77 1028 0 17
77 1026 44 0
77 239 77 85
77 1030 0 34
77 1050 44 34
77 1029 44 17
77 1073 45 51
77 1054 0 51
77 398 51 85
77 1091 47 68
77 1090 0 68
78 1129 48 17
78 205 77 82
78 1092 0 0
78 256 28 85
78 432 0 85
78 1093 47 0
78 1112 0 17
78 702 49 50
78 1130 0 34
78 1131 0 51
78 492 53 82
78 703 53 66
78 685 49 34
78 1203 0 68
79 757 54 32
79 1204 0 0
79 704 53 0
79 453 0 85
79 705 54 16
79 1210 0 17
79 830 61 80
79 828 57 48
79 454 29 85
79 1211 0 34
79 1235 0 51
79 829 61 64
79 1271 0 68
80 858 0 50
80 1325 0 0
80 149 76 54
80 904 0 66
80 389 74 30
80 905 40 66
80 1326 0 17
80 222 76 44
80 538 0 82
80 840 0 34
80 859 38 50
80 511 68 0
80 537 68 15
80 841 37 34
80 539 26 82
80 541 52 82
81 992 43 16
81 1078 0 64
81 999 0 48
81 998 45 32
81 921 0 0
81 542 49 64
81 390 75 64
81 962 0 16
81 1097 0 80
81 572 50 79
81 993 0 32
81 961 41 0
81 60 50 94
81 1056 45 48
82 1110 0 16
82 1125 0 64
82 661 52 75
82 207 52 90
82 629 51 45
82 585 50 0
82 1100 0 0
82 660 52 60
82 1126 0 80
82 1114 0 48
82 1113 0 32
82 625 51 30
82 607 51 15
83 1192 0 64
83 225 59 90
83 723 55 15
83 749 56 45
83 701 52 0
83 1191 0 48
83 724 55 30
83 1127 0 0
83 1180 0 16
83 1225 0 80
83 790 59 75
83 1181 0 32
83 767 56 60
84 64 0 94
84 791 0 64
84 429 62 28
84 413 62 14
84 153 76 86
84 279 74 67
84 1299 0 48
84 812 0 79
84 1237 0 0
84 151 76 78
84 813 38 79
84 1250 0 16
84 792 37 64
84 73 37 94
84 1251 0 32
84 412 61 0
84 278 74 56
84 495 68 42
85 168 75 78
85 947 44 30
85 814 0 0
85 497 49 60
85 930 0 30
85 498 49 74
85 170 75 86
85 259 49 88
85 227 0 90
85 892 41 15
85 872 0 15
85 236 75 60
85 1015 0 75
85 849 38 0
85 1013 0 60
85 154 75 70
85 948 0 45
85 965 45 45
86 573 51 70
86 522 49 0
86 1016 0 0
86 1033 0 30
86 545 50 28
86 254 0 90
86 523 50 14
86 1032 0 15
86 546 50 42
86 1051 0 75
86 514 51 84
86 1036 0 60
86 1034 0 45
86 547 50 56
87 1052 0 0
87 1055 0 30
87 605 51 14
87 255 0 90
87 574 51 0
87 1053 0 15
87 690 53 70
87 1086 0 75
87 515 53 84
87 674 52 42
87 1066 0 45
87 1068 0 60
87 606 51 28
87 689 52 56
88 516 57 56
88 1087 0 0
88 733 53 0
88 1139 0 30
88 266 0 90
88 1120 0 15
88 805 57 42
88 518 58 82
88 1173 0 75
88 517 58 69
88 70 34 95
88 1158 0 60
88 761 55 14
88 1156 0 45
88 797 56 28
89 455 67 39
89 1199 0 0
89 1236 0 30
89 568 65 26
89 293 68 63
89 1209 0 15
89 318 36 90
89 456 68 51
89 1407 0 75
89 290 0 90
89 540 61 13
89 1260 0 60
89 1253 0 45
89 519 60 0
90 823 0 0
90 893 44 28
90 898 45 42
90 617 62 84
90 907 0 70
90 569 0 84
90 876 44 14
90 906 45 56
90 873 0 14
90 877 0 28
90 854 41 0
90 895 0 42
90 899 0 56
90 570 31 84
90 908 46 70
91 922 0 0
91 618 49 28
91 923 47 0
91 637 49 54
91 975 0 70
91 662 0 84
91 638 50 67
91 946 47 14
91 924 0 14
91 958 0 28
91 959 0 42
91 85 36 93
91 960 0 56
91 639 50 80
91 636 49 41
92 737 56 78
92 736 56 65
92 982 0 0
92 735 54 52
92 738 0 84
92 1008 0 28
92 1077 0 70
92 663 50 0
92 734 53 39
92 988 0 14
92 666 51 13
92 140 40 91
92 1023 0 42
92 165 66 91
92 1045 0 56
92 698 52 26
93 503 62 24
93 487 59 0
93 1122 0 0
93 181 63 48
93 1172 0 28
93 1388 0 70
93 743 0 84
93 491 62 12
93 762 40 84
93 1182 0 42
93 529 63 36
93 1306 0 56
93 1171 0 14
94 865 45 52
94 183 0 91
94 763 0 0
94 817 0 39
94 833 44 39
94 795 0 26
94 834 0 52
94 815 43 26
94 868 0 78
94 224 31 91
94 776 41 0
94 901 47 78
94 866 0 65
94 867 47 65
94 779 42 13
94 778 0 13
95 593 57 72
95 226 0 91
95 916 0 0
95 950 0 39
95 554 50 24
95 919 0 26
95 530 50 0
95 963 0 52
95 552 50 12
95 579 53 48
95 1022 0 78
95 584 54 60
95 597 57 84
95 986 0 65
95 555 52 36
95 917 0 13
96 233 0 91
96 1072 0 0
96 1184 0 39
96 1159 0 26
96 262 69 56
96 297 69 45
96 295 66 23
96 1194 0 52
96 234 36 91
96 1368 0 78
96 294 65 12
96 1311 0 65
96 296 68 34
96 1154 0 13
96 603 60 0
97 692 41 24
97 755 43 48
97 622 0 0
97 785 45 72
97 675 0 12
97 679 40 12
97 772 0 72
97 788 0 84
97 732 0 48
97 643 37 0
97 765 0 60
97 768 45 60
97 691 0 24
97 789 46 84
97 731 43 36
97 730 0 36
98 299 73 24
98 808 0 0
98 298 50 24
98 826 47 0
98 827 0 12
98 316 51 46
98 932 0 72
98 836 48 12
98 349 55 68
98 956 0 84
98 366 57 79
98 315 50 35
98 869 0 48
98 328 55 57
98 931 0 60
98 852 0 24
98 253 74 35
98 319 57 90
98 853 0 36
99 421 29 36
99 243 0 91
99 957 0 0
99 576 37 80
99 405 62 11
99 1024 0 12
99 387 57 0
99 505 0 58
99 442 0 47
99 470 63 47
99 441 59 36
99 466 31 47
99 271 69 68
99 506 34 58
99 575 0 80
99 268 68 58
99 509 0 69
99 269 37 91
99 1327 0 24
99 533 34 69
99 406 0 36
100 282 54 88
100 577 0 0
100 655 0 44
100 613 40 11
100 281 27 88
100 758 48 77
100 612 0 11
100 718 0 66
100 578 37 0
100 634 40 22
100 656 42 44
100 750 46 66
100 699 0 55
100 635 0 33
100 700 45 55
100 280 0 88
100 615 0 22
100 752 0 77
100 652 41 33
101 422 63 87
101 272 49 0
101 91 63 60
101 764 0 0
101 193 73 0
101 411 31 87
101 364 55 40
101 855 0 44
101 338 52 30
101 305 50 10
101 782 0 11
101 1290 0 66
101 391 30 77
101 967 0 55
101 392 61 77
101 375 63 50
101 307 50 20
101 818 0 33
101 783 0 22
101 377 0 77
101 393 0 87
102 424 33 0
102 423 0 0
102 206 70 25
102 592 0 70
102 337 40 90
102 626 0 80
102 582 0 60
102 581 40 50
102 631 45 80
102 457 34 10
102 561 0 50
102 204 70 17
102 460 0 30
102 459 35 20
102 463 35 30
102 488 0 40
102 587 41 60
102 440 0 10
102 458 0 20
102 624 43 70
102 335 0 90
102 196 69 9
102 308 66 0
102 502 36 40
103 190 41 92
103 760 0 50
103 324 54 56
103 632 0 0
103 726 0 30
103 310 51 29
103 682 48 10
103 740 0 40
103 667 45 0
103 800 0 70
103 683 0 20
103 333 56 74
103 311 52 38
103 802 0 80
103 354 0 90
103 771 0 60
103 323 53 47
103 677 0 10
103 383 56 83
103 332 56 65
103 309 48 20
104 583 45 84
104 464 38 48
104 879 0 0
104 426 0 39
104 415 0 30
104 99 33 93
104 444 37 39
104 524 40 66
104 571 0 84
104 96 0 93
104 1160 0 20
104 535 0 75
104 483 0 66
104 477 0 57
104 445 0 48
104 217 68 9
104 952 0 10
104 386 62 0
104 479 40 57
104 425 36 30
104 556 43 75
105 616 0 18
105 588 0 0
105 598 47 0
105 257 50 34
105 355 0 90
105 729 0 72
105 258 51 42
105 270 57 74
105 274 51 50
105 404 41 90
105 358 57 66
105 728 0 63
105 288 57 58
105 630 0 27
105 601 0 9
105 871 0 81
105 218 49 18
105 602 48 9
105 645 0 45
105 633 0 36
105 646 0 54
105 231 50 26
106 434 47 90
106 360 0 18
106 911 0 0
106 512 0 82
106 382 0 26
106 399 0 34
106 489 45 66
106 501 46 74
106 409 0 42
106 400 39 34
106 416 40 42
106 1175 0 9
106 513 47 82
106 468 0 58
106 365 36 18
106 484 0 66
106 417 0 90
106 500 0 74
106 448 0 50
106 396 38 26
106 449 43 50
106 469 44 58
107 641 0 64
107 216 51 51
107 292 50 27
107 659 0 72
107 312 50 39
107 531 0 0
107 1062 0 80
107 322 51 45
107 544 0 8
107 291 49 21
107 549 0 24
107 113 57 65
107 116 58 73
107 532 48 0
107 562 0 32
107 567 0 40
107 108 57 61
107 302 50 33
107 548 0 16
107 115 58 69
107 580 0 48
107 435 49 8
107 589 0 56
107 228 53 56
107 1063 0 88
107 284 49 15
108 431 0 82
108 447 0 0
108 472 0 21
108 534 0 49
108 139 54 26
108 356 0 70
108 341 49 0
108 342 50 6
108 462 0 14
108 525 0 42
108 180 50 75
108 433 0 88
108 951 0 63
108 264 48 70
108 238 51 17
108 461 0 7
108 124 0 94
108 374 0 76
108 521 0 35
108 152 54 30
108 137 51 22
108 237 50 12
108 87 54 34
108 520 0 28
108 559 0 56
109 325 0 27
109 277 0 50
109 346 0 32
109 76 0 62
109 283 0 12
109 536 0 58
109 300 0 17
109 499 0 6
109 287 0 54
109 452 0 0
109 185 49 12
109 240 0 46
109 348 0 37
109 199 0 42
109 306 0 22
