2 1 46 92
1348 1 64 0
1387 1 64 37
1 1 49 92
759 1 0 73
446 1 64 78
443 1 46 73
246 1 82 78
1497 1 0 0
786 1 23 73
1494 2 0 0
4 2 96 48
1351 2 0 58
5 2 96 68
526 2 35 58
3 2 52 78
1477 2 54 0
362 2 35 78
1472 2 54 48
1473 3 52 45
11 3 52 90
1495 3 0 0
1010 3 0 69
913 3 27 69
18 3 94 57
26 3 94 73
12 3 94 45
1476 3 52 0
1455 4 51 47
1496 4 0 0
914 4 26 71
38 4 91 69
1480 4 51 0
28 4 91 47
35 4 91 57
39 4 91 83
949 4 0 71
6 5 96 52
1492 5 50 0
1491 5 0 0
34 5 94 0
1152 5 38 68
8 5 94 52
136 5 38 54
1153 5 67 68
1418 5 0 54
40 5 94 24
1485 6 0 0
249 6 82 67
244 6 83 29
1417 6 0 56
223 6 83 14
13 6 37 56
45 6 37 74
1465 6 42 52
19 6 37 64
201 6 82 82
202 6 83 0
1478 6 42 0
247 6 82 52
273 7 82 0
1490 7 41 0
1481 7 0 0
1451 7 0 53
24 7 90 52
1367 7 38 61
301 7 82 16
57 7 73 87
886 7 73 61
46 7 83 87
33 7 82 52
343 7 82 33
357 8 81 34
1486 8 41 0
1493 8 0 0
719 8 75 59
157 8 75 82
1339 8 41 59
77 8 88 82
326 8 81 0
527 8 22 74
327 8 81 17
687 8 0 74
384 9 80 17
1322 9 32 61
1488 9 0 0
363 9 80 0
1283 9 0 61
385 9 80 35
1489 9 40 0
1323 9 64 61
7 9 96 53
25 9 80 53
15 10 35 56
1459 10 39 46
1482 10 0 0
1458 10 39 0
16 10 35 67
1392 10 0 56
245 10 77 81
586 10 77 60
42 10 91 81
20 10 35 78
566 10 77 40
565 10 77 20
563 10 77 0
720 11 75 0
721 11 75 23
1467 11 0 0
32 11 38 87
751 11 75 46
1445 11 38 43
1437 11 38 0
753 11 75 70
1468 11 0 48
653 12 73 74
754 12 74 24
887 12 73 48
1454 12 0 0
1464 12 37 0
1423 12 37 48
787 12 74 0
1457 12 0 46
14 12 94 74
1469 13 0 0
915 13 72 0
1216 13 67 61
1431 13 0 51
1324 13 35 61
918 13 72 26
1483 13 36 0
1041 14 70 0
1461 14 0 0
47 14 92 28
97 14 78 85
52 14 89 85
1466 14 35 0
756 14 70 28
95 14 67 85
1246 14 67 52
1365 14 0 50
1396 14 34 52
1479 15 0 0
1249 15 62 63
22 15 92 78
1484 15 35 0
1075 15 70 28
1281 15 0 61
1282 15 31 63
59 15 92 57
1046 15 70 0
359 16 69 30
147 16 85 78
1487 16 0 0
1446 16 35 0
414 16 68 78
1174 16 68 48
138 16 85 30
48 16 28 79
36 16 28 68
1142 16 69 0
1107 16 0 68
1397 16 35 48
1456 17 34 0
1453 17 0 0
78 17 87 31
528 17 68 31
1371 17 65 51
1334 17 33 51
1398 17 0 50
1195 17 68 0
1261 18 67 0
1426 18 34 0
1263 18 67 34
1471 18 0 0
1308 18 0 54
1427 18 34 47
44 18 94 68
1076 18 67 68
41 18 31 54
1401 19 0 49
1320 19 66 0
1441 19 0 0
1309 19 64 53
21 19 95 51
1402 19 32 53
1460 19 33 0
197 19 79 37
23 19 92 37
179 19 66 37
55 20 30 60
1474 20 0 0
9 20 96 52
1414 20 33 0
1278 20 0 60
1450 20 65 0
1345 20 65 52
1430 20 33 47
1403 21 31 43
1357 21 0 0
1425 21 62 0
98 21 62 85
93 21 92 50
80 21 84 85
100 21 73 85
1279 21 62 50
27 21 27 80
265 21 0 80
51 21 93 0
54 21 93 24
1358 21 0 40
1381 21 31 0
198 21 14 80
1352 22 60 53
56 22 90 79
49 22 90 53
1432 22 0 0
1447 22 62 0
1297 22 30 51
1296 22 0 51
1433 22 31 0
67 22 93 0
50 22 90 66
1462 23 0 0
1353 23 62 0
111 23 92 26
94 23 92 0
1196 23 0 57
1197 23 29 57
1394 23 62 41
1463 23 31 0
112 23 92 54
68 23 58 57
69 24 90 15
1435 24 0 0
1241 24 0 53
1436 24 30 0
61 24 90 0
118 24 86 79
1277 24 29 53
1170 24 58 66
101 24 90 31
117 24 86 66
1475 24 60 0
43 24 90 50
1390 25 29 0
1304 25 0 0
131 25 86 55
92 25 0 84
1212 25 58 55
1438 25 58 0
145 25 86 69
1382 25 0 38
126 25 87 0
158 25 87 15
159 25 87 32
1391 25 29 47
53 25 10 84
1256 26 56 57
160 26 87 0
1443 26 0 0
219 26 84 57
176 26 87 34
220 26 84 73
161 26 87 17
1448 26 58 0
1214 26 0 56
1444 26 29 0
1238 26 28 56
195 27 85 47
1452 27 0 0
1270 27 0 58
1342 27 29 40
175 27 85 0
194 27 85 31
156 27 40 83
1313 27 29 0
1343 27 57 0
1344 27 57 43
192 27 85 15
209 27 85 80
208 27 85 63
148 27 28 83
1138 28 56 51
1354 28 0 0
317 28 83 51
320 28 83 70
1384 28 28 48
210 28 84 34
241 28 84 0
1366 28 0 44
103 28 67 82
1383 28 28 0
1405 28 56 0
242 28 84 17
146 28 56 82
263 29 84 36
985 29 54 57
1409 29 0 0
1440 29 56 0
1252 29 0 52
438 29 80 57
261 29 84 18
1439 29 28 0
1280 29 27 57
439 29 80 77
260 29 84 0
344 30 82 0
321 30 82 77
1442 30 0 0
1007 30 0 58
373 30 82 57
29 30 26 58
347 30 82 38
1338 30 55 0
1336 30 28 0
1377 30 55 44
345 30 82 19
1337 30 28 44
1415 31 27 0
378 31 81 18
66 31 18 77
1378 31 0 0
1037 31 26 56
361 31 81 0
1038 31 52 56
478 31 0 77
557 31 78 56
481 31 78 77
1009 31 0 49
1416 31 54 0
379 31 81 37
1470 32 27 0
1420 32 0 0
471 32 80 0
978 32 26 68
474 32 80 42
1039 32 0 57
1070 32 54 60
473 32 80 21
1067 32 54 0
475 32 80 63
1069 32 54 30
825 33 49 72
1071 33 0 0
1206 33 26 0
1207 33 26 35
1220 33 52 36
1219 33 52 0
609 33 78 44
654 33 72 72
558 33 78 0
608 33 78 21
1185 33 0 62
1128 33 0 30
824 33 26 70
1222 34 0 0
212 34 64 79
285 34 39 76
1243 34 26 0
640 34 78 46
642 34 78 70
1274 34 52 39
610 34 78 0
1259 34 52 0
1230 34 0 36
657 34 0 73
482 34 21 76
1245 34 26 38
611 34 78 23
211 34 52 79
1359 35 26 47
1289 35 0 0
1349 35 26 0
486 35 78 24
614 35 77 48
1360 35 52 0
648 35 77 70
485 35 52 76
644 35 78 0
1312 35 0 41
102 35 70 76
979 35 52 48
214 36 12 79
1374 36 0 0
58 36 91 78
213 36 0 79
71 36 56 81
1380 36 26 0
669 36 78 25
1003 36 25 51
1002 36 0 50
1386 36 52 0
72 36 64 81
816 36 75 52
668 36 78 0
380 36 75 78
169 36 36 80
1004 36 50 52
215 36 24 80
120 36 47 81
81 37 8 82
1393 37 0 0
1005 37 0 53
670 37 78 0
1035 37 50 57
79 37 0 82
1408 37 26 0
1006 37 25 56
819 37 75 57
696 37 78 25
1411 37 52 0
1060 38 0 59
1419 38 0 0
697 38 78 0
1428 38 26 0
727 38 78 26
820 38 75 61
1094 38 50 61
1061 38 25 60
1434 38 52 0
1201 39 50 0
1098 39 0 32
686 39 49 73
942 39 25 68
184 39 82 79
822 39 75 26
1096 39 0 0
1215 39 50 36
821 39 75 0
1121 39 25 0
1119 39 0 64
842 39 75 52
1178 39 25 33
230 39 70 79
1315 40 50 0
1341 40 50 45
1227 40 0 0
127 40 0 79
128 40 9 79
62 40 18 79
874 40 75 54
843 40 75 0
1265 40 0 38
1291 40 25 0
1301 40 25 43
844 40 75 27
1364 41 50 0
105 41 76 79
1362 41 0 0
90 41 60 79
970 41 24 50
381 41 0 78
104 41 68 79
550 41 75 28
944 41 0 50
875 41 75 0
1363 41 25 0
972 41 72 50
129 41 16 79
130 41 25 79
143 41 34 79
144 41 43 79
89 41 52 79
10 41 96 28
971 41 48 50
106 41 84 79
878 42 75 0
1412 42 50 0
1385 42 25 0
1379 42 0 0
996 42 0 53
1081 42 72 60
1079 42 24 54
902 42 75 28
1080 42 48 60
1109 43 24 62
1424 43 25 0
1413 43 0 0
711 43 50 35
846 43 72 70
847 43 74 0
1141 43 50 0
1111 43 48 62
17 43 96 26
1144 43 72 35
1083 43 0 60
1148 44 0 0
1186 44 48 36
1188 44 72 37
1187 44 72 0
712 44 23 72
1167 44 24 36
881 44 0 70
1169 44 48 0
251 44 85 74
31 44 96 0
649 44 65 74
1151 44 0 35
1165 44 24 0
713 44 44 73
107 45 16 77
1189 45 0 0
1228 45 0 37
1239 45 24 40
1267 45 48 41
407 45 0 77
1268 45 72 0
1240 45 48 0
1229 45 24 0
1285 45 72 43
882 46 48 49
1332 46 48 0
1331 46 24 47
883 46 71 49
427 46 80 76
1333 46 72 0
1316 46 24 0
1305 46 0 45
410 46 64 76
1295 46 0 0
408 46 48 76
1361 47 0 0
714 47 69 69
119 47 0 79
884 47 0 52
1449 47 72 0
885 47 23 55
110 47 90 69
1410 47 48 0
939 47 46 61
63 47 16 79
1376 47 24 0
121 47 8 79
940 48 0 0
1018 48 23 31
1019 48 23 63
133 48 92 30
715 48 68 69
941 48 0 29
125 48 92 0
903 48 46 65
987 48 23 0
1020 48 46 0
1074 48 69 0
122 48 89 69
1101 48 69 34
1049 48 46 32
964 48 0 58
1177 49 23 36
1232 49 69 41
135 49 92 31
1102 49 0 0
142 49 92 62
1223 49 46 39
716 49 0 71
1124 49 23 0
1193 49 46 0
1224 49 69 0
134 49 92 0
650 49 21 74
1123 49 0 35
1233 50 0 0
1257 50 23 0
1234 50 0 42
1321 50 69 0
1287 50 46 46
1258 50 23 44
173 50 92 0
74 50 91 50
75 50 91 69
925 50 69 50
1286 50 46 0
955 51 44 53
927 51 22 52
1330 51 0 0
1340 51 23 0
1347 51 46 0
1373 51 69 0
162 51 88 56
1027 51 66 56
926 51 0 51
182 51 92 0
163 51 88 75
82 52 91 0
1395 52 0 0
83 52 91 20
1058 52 69 0
717 52 44 68
1400 52 23 0
1429 52 46 0
1057 52 22 61
747 52 65 71
84 52 91 40
221 52 86 71
1031 52 0 60
1082 52 69 35
171 53 88 19
1084 53 0 0
172 53 88 39
1137 53 44 0
174 53 88 59
1284 53 66 47
1108 53 0 36
1247 53 44 38
1269 53 66 0
428 53 20 76
1134 53 22 38
651 53 0 73
164 53 88 0
1132 53 22 0
123 53 36 76
1292 54 0 0
1302 54 44 0
203 54 88 21
303 54 84 52
252 54 65 78
780 54 42 50
748 54 0 49
1319 54 66 0
430 54 36 76
551 54 0 74
304 54 84 72
781 54 63 52
777 54 21 49
286 54 52 78
553 54 18 75
1293 54 22 0
187 54 88 0
267 55 84 77
350 55 84 55
1328 55 0 0
809 55 0 53
810 55 21 53
1335 55 44 0
1346 55 66 0
232 55 88 24
835 55 63 55
811 55 42 54
1329 55 22 0
229 55 88 0
1369 56 0 0
863 56 21 58
862 56 0 58
943 56 63 0
351 56 84 0
678 56 43 0
353 56 84 44
920 56 42 59
676 56 22 29
367 56 84 66
896 56 42 29
945 56 63 32
864 56 22 0
966 56 63 64
352 56 84 22
969 57 0 33
369 57 84 23
968 57 0 0
989 57 21 0
1014 57 42 35
991 57 21 34
368 57 84 0
370 57 84 46
1012 57 42 0
684 57 40 70
1042 57 63 35
706 57 60 71
681 57 20 68
1017 57 63 0
680 57 0 66
504 57 80 71
394 58 84 23
1043 58 0 0
1145 58 63 40
1064 58 21 0
1140 58 42 38
507 58 20 75
371 58 84 0
189 58 37 78
401 58 84 71
1088 58 21 37
1044 58 0 36
1089 58 42 0
395 58 84 47
707 58 0 72
1143 58 63 0
191 58 47 78
1147 59 0 0
1163 59 21 0
403 59 84 24
275 59 84 74
1231 59 42 44
402 59 84 0
1205 59 21 41
1254 59 63 47
1213 59 42 0
1149 59 0 40
1242 59 63 0
436 59 84 48
493 60 84 26
708 60 21 52
1255 60 0 0
1300 60 21 0
709 60 41 53
437 60 84 0
1266 60 0 48
1307 60 42 0
465 60 81 59
1355 60 63 0
334 60 21 77
739 60 61 59
1404 61 63 0
1372 61 0 0
769 61 40 66
1375 61 21 0
508 61 80 68
496 61 84 28
1399 61 42 0
770 61 60 68
741 61 0 61
742 61 20 62
494 61 84 0
803 62 41 0
1406 62 0 0
798 62 21 0
595 62 61 30
799 62 21 28
467 62 81 0
850 62 61 0
510 62 80 54
801 62 40 56
773 62 0 69
804 62 41 28
796 62 20 69
336 62 80 76
599 62 79 30
848 62 60 56
851 63 0 0
976 63 40 34
784 63 20 67
604 63 57 70
954 63 40 0
953 63 20 33
980 63 60 35
929 63 20 0
600 63 39 69
543 63 80 0
590 63 80 23
977 63 60 0
30 63 95 48
880 63 0 30
418 63 80 48
928 63 0 61
627 63 75 70
1146 64 40 0
981 64 0 0
1162 64 60 43
1118 64 20 40
1150 64 40 42
1099 64 20 0
419 64 0 75
591 64 80 0
1161 64 60 0
619 64 80 25
620 64 80 51
339 64 80 77
1095 64 0 35
1262 65 20 45
837 65 40 51
1179 65 0 0
838 65 59 52
1200 65 0 44
1272 65 60 0
560 65 80 26
839 65 78 52
1264 65 40 0
621 65 80 0
1202 65 20 0
888 66 76 53
1273 66 0 0
856 66 0 52
1276 66 40 0
1275 66 20 0
860 66 38 52
564 66 80 27
647 66 80 0
1288 66 60 0
37 66 95 52
861 66 57 53
857 66 19 52
889 67 0 54
1294 67 0 0
671 67 80 0
936 67 38 56
1317 67 60 0
909 67 19 55
672 67 80 28
1314 67 40 0
1001 67 76 57
1000 67 57 57
1303 67 20 0
1389 68 40 0
1318 68 0 0
340 68 54 77
628 68 0 57
665 68 36 68
1356 68 20 0
693 68 80 28
276 68 68 77
673 68 80 0
1421 68 60 0
694 68 80 57
664 68 18 62
1116 69 19 0
1136 69 57 0
1065 69 0 0
1190 69 76 46
1176 69 76 0
1115 69 0 41
1135 69 38 44
65 69 95 0
1117 69 19 43
1157 69 57 44
1133 69 38 0
86 70 31 76
1208 70 0 0
745 70 73 52
746 70 76 0
109 70 91 50
688 70 19 49
710 70 37 50
1226 70 38 0
744 70 55 52
1218 70 19 0
1244 70 57 0
1217 70 0 48
289 70 19 76
420 70 76 29
88 70 91 29
870 71 18 0
766 71 0 0
388 71 80 74
150 71 90 42
894 71 18 34
794 71 0 61
594 71 18 69
937 71 72 0
132 71 90 20
912 71 54 36
596 71 34 70
114 71 90 0
900 71 36 35
450 71 50 72
451 71 65 74
793 71 0 30
938 71 72 37
910 71 54 0
897 71 36 0
994 72 18 0
983 72 0 0
1021 72 36 40
155 72 90 0
1048 72 72 0
1059 72 72 42
984 72 0 39
167 72 90 49
995 72 18 40
166 72 90 24
1047 72 54 42
1040 72 54 0
997 72 36 0
1104 73 18 0
1105 73 18 45
1085 73 0 0
186 73 90 52
178 73 90 26
177 73 90 0
1168 73 72 0
1166 73 54 48
1103 73 0 44
1155 73 36 45
1183 73 72 48
1164 73 54 0
1106 73 36 0
1221 74 18 0
1198 74 0 0
774 74 51 60
188 74 90 0
1310 74 72 0
695 74 0 50
722 74 17 52
1298 74 54 0
725 74 34 55
313 74 85 62
200 74 90 27
775 74 68 62
1248 74 36 0
1370 75 18 0
1350 75 0 0
831 75 71 0
480 75 70 68
250 75 88 25
314 75 85 68
658 75 54 66
832 75 71 34
623 75 0 68
807 75 54 33
248 75 88 0
806 75 54 0
476 75 16 71
1422 75 36 0
935 76 34 39
933 76 17 37
845 76 0 0
329 76 85 0
1011 76 68 42
235 76 15 76
891 76 17 0
330 76 85 23
141 76 26 76
934 76 34 0
974 76 51 41
372 76 85 69
973 76 51 0
890 76 0 35
490 76 0 72
331 76 85 46
990 76 68 0
397 77 85 25
1025 77 0 0
376 77 85 0
1028 77 17 0
1026 77 0 44
239 77 85 77
1030 77 34 0
1050 77 34 44
1029 77 17 44
1073 77 51 45
1054 77 51 0
398 77 85 51
1091 77 68 47
1090 77 68 0
1129 78 17 48
205 78 82 77
1092 78 0 0
256 78 85 28
432 78 85 0
1093 78 0 47
1112 78 17 0
702 78 50 49
1130 78 34 0
1131 78 51 0
492 78 82 53
703 78 66 53
685 78 34 49
1203 78 68 0
757 79 32 54
1204 79 0 0
704 79 0 53
453 79 85 0
705 79 16 54
1210 79 17 0
830 79 80 61
828 79 48 57
454 79 85 29
1211 79 34 0
1235 79 51 0
829 79 64 61
1271 79 68 0
858 80 50 0
1325 80 0 0
149 80 54 76
904 80 66 0
389 80 30 74
905 80 66 40
1326 80 17 0
222 80 44 76
538 80 82 0
840 80 34 0
859 80 50 38
511 80 0 68
537 80 15 68
841 80 34 37
539 80 82 26
541 80 82 52
992 81 16 43
1078 81 64 0
999 81 48 0
998 81 32 45
921 81 0 0
542 81 64 49
390 81 64 75
962 81 16 0
1097 81 80 0
572 81 79 50
993 81 32 0
961 81 0 41
60 81 94 50
1056 81 48 45
1110 82 16 0
1125 82 64 0
661 82 75 52
207 82 90 52
629 82 45 51
585 82 0 50
1100 82 0 0
660 82 60 52
1126 82 80 0
1114 82 48 0
1113 82 32 0
625 82 30 51
607 82 15 51
1192 83 64 0
225 83 90 59
723 83 15 55
749 83 45 56
701 83 0 52
1191 83 48 0
724 83 30 55
1127 83 0 0
1180 83 16 0
1225 83 80 0
790 83 75 59
1181 83 32 0
767 83 60 56
64 84 94 0
791 84 64 0
429 84 28 62
413 84 14 62
153 84 86 76
279 84 67 74
1299 84 48 0
812 84 79 0
1237 84 0 0
151 84 78 76
813 84 79 38
1250 84 16 0
792 84 64 37
73 84 94 37
1251 84 32 0
412 84 0 61
278 84 56 74
495 84 42 68
168 85 78 75
947 85 30 44
814 85 0 0
497 85 60 49
930 85 30 0
498 85 74 49
170 85 86 75
259 85 88 49
227 85 90 0
892 85 15 41
872 85 15 0
236 85 60 75
1015 85 75 0
849 85 0 38
1013 85 60 0
154 85 70 75
948 85 45 0
965 85 45 45
573 86 70 51
522 86 0 49
1016 86 0 0
1033 86 30 0
545 86 28 50
254 86 90 0
523 86 14 50
1032 86 15 0
546 86 42 50
1051 86 75 0
514 86 84 51
1036 86 60 0
1034 86 45 0
547 86 56 50
1052 87 0 0
1055 87 30 0
605 87 14 51
255 87 90 0
574 87 0 51
1053 87 15 0
690 87 70 53
1086 87 75 0
515 87 84 53
674 87 42 52
1066 87 45 0
1068 87 60 0
606 87 28 51
689 87 56 52
516 88 56 57
1087 88 0 0
733 88 0 53
1139 88 30 0
266 88 90 0
1120 88 15 0
805 88 42 57
518 88 82 58
1173 88 75 0
517 88 69 58
70 88 95 34
1158 88 60 0
761 88 14 55
1156 88 45 0
797 88 28 56
455 89 39 67
1199 89 0 0
1236 89 30 0
568 89 26 65
293 89 63 68
1209 89 15 0
318 89 90 36
456 89 51 68
1407 89 75 0
290 89 90 0
540 89 13 61
1260 89 60 0
1253 89 45 0
519 89 0 60
823 90 0 0
893 90 28 44
898 90 42 45
617 90 84 62
907 90 70 0
569 90 84 0
876 90 14 44
906 90 56 45
873 90 14 0
877 90 28 0
854 90 0 41
895 90 42 0
899 90 56 0
570 90 84 31
908 90 70 46
922 91 0 0
618 91 28 49
923 91 0 47
637 91 54 49
975 91 70 0
662 91 84 0
638 91 67 50
946 91 14 47
924 91 14 0
958 91 28 0
959 91 42 0
85 91 93 36
960 91 56 0
639 91 80 50
636 91 41 49
737 92 78 56
736 92 65 56
982 92 0 0
735 92 52 54
738 92 84 0
1008 92 28 0
1077 92 70 0
663 92 0 50
734 92 39 53
988 92 14 0
666 92 13 51
140 92 91 40
1023 92 42 0
165 92 91 66
1045 92 56 0
698 92 26 52
503 93 24 62
487 93 0 59
1122 93 0 0
181 93 48 63
1172 93 28 0
1388 93 70 0
743 93 84 0
491 93 12 62
762 93 84 40
1182 93 42 0
529 93 36 63
1306 93 56 0
1171 93 14 0
865 94 52 45
183 94 91 0
763 94 0 0
817 94 39 0
833 94 39 44
795 94 26 0
834 94 52 0
815 94 26 43
868 94 78 0
224 94 91 31
776 94 0 41
901 94 78 47
866 94 65 0
867 94 65 47
779 94 13 42
778 94 13 0
593 95 72 57
226 95 91 0
916 95 0 0
950 95 39 0
554 95 24 50
919 95 26 0
530 95 0 50
963 95 52 0
552 95 12 50
579 95 48 53
1022 95 78 0
584 95 60 54
597 95 84 57
986 95 65 0
555 95 36 52
917 95 13 0
233 96 91 0
1072 96 0 0
1184 96 39 0
1159 96 26 0
262 96 56 69
297 96 45 69
295 96 23 66
1194 96 52 0
234 96 91 36
1368 96 78 0
294 96 12 65
1311 96 65 0
296 96 34 68
1154 96 13 0
603 96 0 60
692 97 24 41
755 97 48 43
622 97 0 0
785 97 72 45
675 97 12 0
679 97 12 40
772 97 72 0
788 97 84 0
732 97 48 0
643 97 0 37
765 97 60 0
768 97 60 45
691 97 24 0
789 97 84 46
731 97 36 43
730 97 36 0
299 98 24 73
808 98 0 0
298 98 24 50
826 98 0 47
827 98 12 0
316 98 46 51
932 98 72 0
836 98 12 48
349 98 68 55
956 98 84 0
366 98 79 57
315 98 35 50
869 98 48 0
328 98 57 55
931 98 60 0
852 98 24 0
253 98 35 74
319 98 90 57
853 98 36 0
421 99 36 29
243 99 91 0
957 99 0 0
576 99 80 37
405 99 11 62
1024 99 12 0
387 99 0 57
505 99 58 0
442 99 47 0
470 99 47 63
441 99 36 59
466 99 47 31
271 99 68 69
506 99 58 34
575 99 80 0
268 99 58 68
509 99 69 0
269 99 91 37
1327 99 24 0
533 99 69 34
406 99 36 0
282 100 88 54
577 100 0 0
655 100 44 0
613 100 11 40
281 100 88 27
758 100 77 48
612 100 11 0
718 100 66 0
578 100 0 37
634 100 22 40
656 100 44 42
750 100 66 46
699 100 55 0
635 100 33 0
700 100 55 45
280 100 88 0
615 100 22 0
752 100 77 0
652 100 33 41
422 101 87 63
272 101 0 49
91 101 60 63
764 101 0 0
193 101 0 73
411 101 87 31
364 101 40 55
855 101 44 0
338 101 30 52
305 101 10 50
782 101 11 0
1290 101 66 0
391 101 77 30
967 101 55 0
392 101 77 61
375 101 50 63
307 101 20 50
818 101 33 0
783 101 22 0
377 101 77 0
393 101 87 0
424 102 0 33
423 102 0 0
206 102 25 70
592 102 70 0
337 102 90 40
626 102 80 0
582 102 60 0
581 102 50 40
631 102 80 45
457 102 10 34
561 102 50 0
204 102 17 70
460 102 30 0
459 102 20 35
463 102 30 35
488 102 40 0
587 102 60 41
440 102 10 0
458 102 20 0
624 102 70 43
335 102 90 0
196 102 9 69
308 102 0 66
502 102 40 36
190 103 92 41
760 103 50 0
324 103 56 54
632 103 0 0
726 103 30 0
310 103 29 51
682 103 10 48
740 103 40 0
667 103 0 45
800 103 70 0
683 103 20 0
333 103 74 56
311 103 38 52
802 103 80 0
354 103 90 0
771 103 60 0
323 103 47 53
677 103 10 0
383 103 83 56
332 103 65 56
309 103 20 48
583 104 84 45
464 104 48 38
879 104 0 0
426 104 39 0
415 104 30 0
99 104 93 33
444 104 39 37
524 104 66 40
571 104 84 0
96 104 93 0
1160 104 20 0
535 104 75 0
483 104 66 0
477 104 57 0
445 104 48 0
217 104 9 68
952 104 10 0
386 104 0 62
479 104 57 40
425 104 30 36
556 104 75 43
616 105 18 0
588 105 0 0
598 105 0 47
257 105 34 50
355 105 90 0
729 105 72 0
258 105 42 51
270 105 74 57
274 105 50 51
404 105 90 41
358 105 66 57
728 105 63 0
288 105 58 57
630 105 27 0
601 105 9 0
871 105 81 0
218 105 18 49
602 105 9 48
645 105 45 0
633 105 36 0
646 105 54 0
231 105 26 50
434 106 90 47
360 106 18 0
911 106 0 0
512 106 82 0
382 106 26 0
399 106 34 0
489 106 66 45
501 106 74 46
409 106 42 0
400 106 34 39
416 106 42 40
1175 106 9 0
513 106 82 47
468 106 58 0
365 106 18 36
484 106 66 0
417 106 90 0
500 106 74 0
448 106 50 0
396 106 26 38
449 106 50 43
469 106 58 44
641 107 64 0
216 107 51 51
292 107 27 50
659 107 72 0
312 107 39 50
531 107 0 0
1062 107 80 0
322 107 45 51
544 107 8 0
291 107 21 49
549 107 24 0
113 107 65 57
116 107 73 58
532 107 0 48
562 107 32 0
567 107 40 0
108 107 61 57
302 107 33 50
548 107 16 0
115 107 69 58
580 107 48 0
435 107 8 49
589 107 56 0
228 107 56 53
1063 107 88 0
284 107 15 49
431 108 82 0
447 108 0 0
472 108 21 0
534 108 49 0
139 108 26 54
356 108 70 0
341 108 0 49
342 108 6 50
462 108 14 0
525 108 42 0
180 108 75 50
433 108 88 0
951 108 63 0
264 108 70 48
238 108 17 51
461 108 7 0
124 108 94 0
374 108 76 0
521 108 35 0
152 108 30 54
137 108 22 51
237 108 12 50
87 108 34 54
520 108 28 0
559 108 56 0
325 109 27 0
277 109 50 0
346 109 32 0
76 109 62 0
283 109 12 0
536 109 58 0
300 109 17 0
499 109 6 0
287 109 54 0
452 109 0 0
185 109 12 49
240 109 46 0
348 109 37 0
199 109 42 0
306 109 22 0
