1407 1 0 0
1388 1 15 0
1368 1 29 0
1327 1 42 0
1290 1 54 0
1175 1 65 0
1062 1 74 0
1063 1 82 0
951 1 90 0
536 2 0 0
1422 2 4 0
1311 2 22 0
1160 2 35 0
1306 2 45 0
1421 2 59 0
1493 3 0 0
1497 4 0 0
911 2 79 0
1496 3 41 0
1370 4 64 0
1495 5 0 0
1449 5 52 0
1406 5 76 0
1194 4 82 0
1492 6 0 0
1487 6 44 0
1470 7 0 0
1429 7 27 0
1404 7 50 0
1389 7 71 0
1350 6 79 0
1325 8 0 0
1326 8 17 0
1299 8 34 0
1260 8 50 0
1184 8 65 0
952 8 78 0
871 2 88 0
31 3 92 0
1253 9 0 0
1475 9 15 0
1399 9 45 0
1159 9 66 0
1236 9 79 0
1154 10 0 0
1484 10 13 0
1182 10 48 0
967 10 62 0
1424 11 0 0
1375 10 73 0
1356 11 25 0
1310 11 45 0
1250 11 63 0
1251 11 79 0
1171 12 0 0
1172 12 14 0
1024 12 28 0
879 12 40 0
287 3 93 0
1490 12 50 0
1488 13 0 0
1489 13 40 0
1483 14 0 0
1479 14 36 0
1434 14 71 0
1410 15 0 0
1400 15 24 0
1372 15 47 0
1271 13 80 0
1237 15 68 0
1209 16 0 0
499 7 91 0
1474 16 15 0
1428 16 48 0
1412 17 0 0
1413 17 25 0
1395 16 74 0
1298 17 50 0
1199 17 68 0
1072 15 84 0
277 8 88 0
1486 18 0 0
1419 18 40 0
1355 18 66 0
1225 19 0 0
1122 17 83 0
1494 19 16 0
1452 20 0 0
1442 20 29 0
1369 19 70 0
1173 20 57 0
659 18 87 0
452 12 91 0
1462 21 0 0
1463 21 31 0
1448 21 62 0
1439 22 0 0
1440 22 28 0
1420 22 56 0
1411 23 0 0
1317 20 72 0
1318 23 26 0
1235 23 46 0
1156 23 63 0
1158 23 78 0
1022 22 83 0
956 24 0 0
957 24 12 0
728 24 24 0
729 24 33 0
641 24 42 0
559 24 50 0
346 8 92 0
348 19 92 0
76 4 95 0
1485 25 0 0
1482 24 57 0
1443 25 42 0
1444 26 0 0
1415 26 29 0
1416 26 56 0
1408 25 71 0
1373 27 0 0
1314 27 23 0
1191 27 43 0
1192 27 59 0
1139 27 75 0
1077 26 83 0
800 28 0 0
802 28 10 0
431 21 91 0
433 27 90 0
65 9 94 0
70 10 94 0
1438 28 20 0
1376 28 49 0
1346 28 73 0
1303 29 0 0
1248 29 20 0
1180 29 38 0
1181 29 54 0
1120 29 70 0
931 29 85 0
932 30 0 0
855 30 12 0
534 30 23 0
240 20 92 0
1491 30 30 0
1471 31 0 0
1385 31 34 0
1335 31 59 0
1294 32 0 0
1210 30 80 0
1211 32 20 0
1045 31 81 0
986 32 37 0
771 32 50 0
520 32 60 0
521 32 67 0
525 32 74 0
325 32 81 0
1481 33 0 0
1460 33 41 0
1447 34 0 0
1435 34 31 0
1436 34 61 0
1393 35 0 0
1379 35 26 0
1347 33 74 0
1328 35 51 0
1329 35 73 0
1307 36 0 0
1288 36 21 0
1203 36 41 0
1204 36 58 0
1086 36 75 0
1087 37 0 0
1023 37 15 0
963 37 29 0
760 32 86 0
589 37 42 0
1478 37 50 0
1466 38 0 0
1450 38 35 0
1409 38 67 0
1386 39 0 0
1361 39 26 0
1340 39 50 0
1319 39 73 0
1300 40 0 0
1272 40 21 0
1273 40 41 0
1275 40 61 0
1276 41 0 0
1244 41 20 0
1221 41 39 0
1125 40 81 0
1126 41 57 0
1127 41 73 0
1066 42 0 0
1068 42 15 0
1008 42 30 0
950 42 44 0
818 42 57 0
740 42 68 0
306 34 91 0
1469 43 0 0
1456 43 36 0
1432 44 0 0
1433 44 31 0
1405 44 62 0
1380 43 70 0
1330 45 0 0
1262 45 23 0
1264 45 43 0
1110 42 78 0
1113 45 63 0
1114 45 79 0
1051 46 0 0
1052 46 15 0
1053 46 30 0
1055 46 45 0
988 46 60 0
869 46 74 0
726 46 86 0
645 47 0 0
646 47 9 0
580 41 89 0
472 36 90 0
300 37 91 0
1461 47 18 0
1453 47 53 0
1425 48 0 0
1374 48 31 0
1362 48 57 0
1363 49 0 0
1364 49 25 0
1321 49 50 0
1302 49 73 0
1226 50 0 0
1198 50 19 0
1097 50 37 0
1100 50 53 0
1032 48 82 0
1033 50 69 0
1034 51 0 0
1036 51 15 0
975 51 30 0
982 51 44 0
916 50 84 0
917 51 58 0
919 51 71 0
852 51 84 0
853 52 0 0
782 52 12 0
783 52 23 0
630 47 87 0
633 52 34 0
562 52 43 0
567 52 51 0
461 44 90 0
462 52 59 0
374 52 66 0
1441 53 0 0
1430 53 33 0
1377 53 65 0
1378 54 0 0
1331 52 72 0
1332 54 27 0
1333 54 51 0
1292 54 75 0
1293 55 0 0
1266 55 22 0
1217 55 43 0
1218 55 62 0
1183 56 0 0
1129 56 18 0
1130 56 35 0
1131 56 52 0
1078 55 81 0
1013 56 69 0
1015 57 0 0
1016 57 15 0
958 57 30 0
959 57 44 0
960 57 58 0
901 56 84 0
836 57 72 0
764 57 84 0
616 58 0 0
544 58 9 0
548 58 17 0
549 58 25 0
447 58 33 0
283 53 92 0
199 23 93 0
1477 53 0 49
1467 53 43 49
1468 54 0 49
1464 54 38 49
1446 55 0 49
1383 55 34 49
1384 55 62 49
1359 56 0 49
1360 56 26 49
1341 56 52 49
1284 54 75 49
1254 57 0 49
1255 57 21 49
1208 56 77 49
1164 57 42 49
1166 57 60 49
1168 57 78 49
1112 58 40 0
1056 53 81 49
946 58 57 0
826 58 71 0
827 58 83 0
750 58 0 49
752 58 11 49
758 58 22 49
677 58 33 49
682 58 43 49
683 58 53 49
598 58 63 49
601 58 72 49
602 58 81 49
531 59 0 0
532 59 8 0
434 55 90 49
435 58 90 49
356 59 16 0
124 42 94 0
1480 48 0 50
1457 48 46 50
1426 49 0 50
1427 49 33 50
1414 50 0 50
1390 49 66 50
1391 50 32 50
1349 50 61 50
1316 51 0 50
1269 51 24 50
1242 51 46 50
1190 51 67 50
1155 52 0 50
1090 52 18 50
1091 52 35 50
1092 52 52 50
1093 52 69 50
922 48 83 50
923 59 22 0
924 59 36 0
865 59 50 0
866 59 63 0
867 59 76 0
868 59 0 48
808 59 13 48
667 50 87 50
588 51 86 50
512 52 86 50
513 59 25 48
417 59 33 48
341 59 40 48
342 59 46 48
264 59 52 48
185 59 57 48
1458 43 0 51
1459 43 38 51
1454 44 0 51
1403 44 37 51
1394 45 0 51
1382 44 68 51
1305 45 30 51
1286 45 54 51
1287 46 0 51
1231 43 76 51
1176 45 77 51
1073 46 23 51
965 46 40 51
906 46 55 51
907 46 69 51
908 46 83 51
785 47 0 51
788 47 12 51
789 47 24 51
718 47 36 51
583 47 47 51
500 47 56 51
501 47 64 51
180 47 72 51
1476 38 0 52
1473 38 45 52
1465 39 0 52
1431 39 40 52
1366 40 0 52
1315 40 28 52
1295 40 53 52
1247 39 75 52
1200 40 77 52
1202 41 0 52
1157 41 20 52
1103 41 39 52
1104 41 57 52
1105 41 75 52
1106 42 0 52
1050 42 18 52
1054 42 35 52
992 42 52 52
993 42 68 52
998 47 76 51
999 59 61 48
947 59 77 48
948 60 0 0
893 60 15 0
895 60 29 0
898 60 43 0
899 60 57 0
833 42 84 52
834 60 71 0
765 60 84 0
768 60 0 45
772 60 12 45
699 60 24 45
700 60 35 45
624 38 87 52
626 60 46 45
631 60 56 45
632 60 66 45
571 60 76 45
484 60 85 45
489 61 0 0
404 61 8 0
322 61 15 0
1472 33 0 53
1451 33 42 53
1445 34 0 53
1401 34 37 53
1402 35 0 53
1354 34 69 53
1336 35 32 53
1337 35 59 53
1338 36 0 53
1301 36 27 53
1285 36 52 53
1257 37 0 53
1258 37 23 53
1213 36 76 53
1179 37 46 53
1133 37 66 53
1135 61 21 0
1136 61 40 0
1085 61 59 0
1025 33 80 53
1026 61 77 0
1028 61 0 45
1029 61 17 45
1030 61 34 45
930 61 51 45
873 61 66 45
876 61 80 45
877 62 0 0
815 62 14 0
817 62 27 0
755 37 85 53
556 35 86 53
468 62 40 0
469 62 48 0
312 62 56 0
237 47 92 51
238 59 92 48
17 9 96 0
1455 31 0 54
1437 31 40 54
1423 32 0 54
1381 32 36 54
1342 32 67 54
1343 62 62 0
1344 62 0 44
1312 62 28 44
1291 62 54 44
1267 63 0 0
1268 63 24 0
1205 63 48 0
1161 31 77 54
1162 63 69 0
1115 63 0 43
1116 63 19 43
1117 63 38 43
1059 62 79 44
1011 63 57 43
961 63 74 43
962 64 0 0
854 64 16 0
795 64 30 0
730 64 43 0
731 64 55 0
732 64 67 0
592 64 79 0
535 64 0 43
448 64 9 43
449 64 17 43
302 63 90 43
228 64 25 43
1396 29 0 55
1397 29 33 55
1398 30 0 55
1232 29 66 55
1233 30 33 55
1234 30 56 55
1146 64 30 43
1150 64 50 43
1040 30 79 55
1047 64 70 43
1048 65 0 0
990 65 18 0
892 65 35 0
776 65 50 0
778 65 63 0
779 65 76 0
652 65 0 42
655 65 11 42
656 65 22 42
587 65 33 42
524 64 88 43
291 29 89 55
292 65 43 42
152 41 93 52
87 52 94 50
1417 25 0 56
1387 25 37 56
1352 26 0 56
1353 26 30 56
1289 25 70 56
1265 26 60 56
1239 27 0 56
1240 27 24 56
1223 27 48 56
1224 27 71 56
1163 28 0 56
1118 28 21 56
1065 28 41 56
1021 28 60 56
973 28 78 56
974 65 49 42
921 65 66 42
872 65 82 42
823 66 0 0
762 66 14 0
763 66 27 0
691 26 85 56
692 66 40 0
634 66 52 0
635 66 63 0
581 66 74 0
582 66 84 0
416 66 0 41
354 66 8 41
355 66 15 41
284 66 22 41
216 66 28 41
37 11 95 0
1418 21 0 57
1371 21 38 57
1357 22 0 57
1358 22 31 57
1313 22 62 57
1274 21 70 57
1228 23 0 57
1229 23 24 57
1140 23 48 57
1143 23 69 57
1145 24 0 57
1147 24 21 57
1149 24 42 57
1095 24 63 57
1099 66 33 41
994 66 53 41
995 66 71 41
997 67 0 0
904 67 18 0
905 67 34 0
849 67 50 0
797 24 83 57
805 67 65 0
734 67 79 0
735 67 0 40
736 67 13 40
737 67 26 40
738 67 39 40
743 67 52 40
675 67 65 40
679 67 77 40
612 68 0 0
613 68 11 0
615 68 22 0
561 68 33 0
477 68 43 0
479 68 52 0
483 68 61 0
409 66 89 41
335 22 90 57
337 23 90 57
269 67 89 40
270 68 70 0
1392 20 0 58
1345 20 35 58
1280 20 66 58
1259 68 0 40
1193 68 26 40
983 68 49 40
984 68 67 40
933 69 0 0
934 69 17 0
935 69 34 0
464 68 85 40
396 69 51 0
399 69 59 0
400 69 67 0
137 20 93 58
139 60 93 45
1304 18 0 59
1243 18 29 59
1245 18 55 59
1227 19 0 59
1177 19 25 59
1132 19 48 59
1134 19 70 59
1137 69 75 0
1088 69 0 39
1089 69 21 39
1000 69 42 39
1001 69 61 39
858 18 81 59
859 69 80 39
812 70 0 0
813 70 15 0
814 70 30 0
761 70 45 0
698 70 59 0
643 70 72 0
444 70 84 0
445 70 0 38
382 70 9 38
318 70 17 38
319 70 24 38
190 19 92 59
73 27 94 56
1365 17 0 60
1348 17 34 60
1334 70 31 38
1320 70 63 38
1270 17 67 60
1252 71 0 0
1230 71 27 0
1215 71 53 0
1186 71 0 37
1187 71 24 37
1188 71 48 37
1189 71 72 37
1108 72 0 0
1064 72 22 0
937 72 43 0
938 72 61 0
890 72 79 0
891 72 0 37
840 72 17 37
841 72 33 37
790 72 49 37
791 72 64 37
792 72 79 37
733 73 0 0
622 73 14 0
575 73 26 0
576 73 37 0
577 73 48 0
578 73 59 0
502 73 70 0
425 73 80 0
426 73 0 37
365 73 9 37
243 73 17 37
182 73 23 37
64 61 94 45
1367 13 0 61
1322 13 35 61
1323 14 0 61
1324 14 32 61
1308 14 64 61
1309 15 0 61
1296 13 67 61
1297 15 31 61
1277 15 61 61
1256 16 0 61
1219 16 28 61
1220 16 54 61
1222 73 28 37
1201 73 54 37
1165 74 0 0
1167 74 24 0
1169 74 48 0
1123 74 72 0
1124 74 0 36
1082 74 23 36
1084 74 45 36
1042 74 67 36
1043 75 0 0
1044 75 21 0
910 73 79 37
912 75 42 0
828 16 80 61
829 75 60 0
830 75 76 0
767 75 0 36
662 75 15 36
663 75 28 36
666 75 41 36
593 75 54 36
597 75 66 36
603 75 78 36
488 76 0 0
415 74 88 36
358 76 10 0
360 76 18 0
290 15 90 61
233 75 90 36
234 76 26 0
173 76 32 0
1351 11 0 62
1339 11 35 62
1278 12 0 62
1279 12 30 62
1238 11 69 62
1206 12 60 62
1207 76 37 0
1178 76 63 0
1141 76 0 36
1144 76 24 36
1148 76 48 36
1151 76 72 36
1101 77 0 0
1102 77 23 0
1057 77 46 0
1058 77 68 0
1012 77 0 35
1014 77 21 35
1017 77 42 35
976 77 63 35
977 78 0 0
980 78 20 0
981 78 40 0
936 78 60 0
894 78 79 0
897 78 0 35
900 78 18 35
845 78 36 35
749 78 53 35
689 77 83 35
690 78 68 35
636 78 82 35
637 79 0 0
638 79 13 0
639 79 26 0
584 79 39 0
533 12 86 62
457 79 51 0
458 79 61 0
459 79 71 0
460 79 81 0
463 79 0 35
224 79 10 35
226 79 16 35
113 79 22 35
115 79 26 35
116 79 30 35
60 68 94 40
1281 79 34 35
1282 79 65 35
1261 80 0 0
1263 80 30 0
1241 80 60 0
1185 80 0 34
1109 80 26 34
1111 80 50 34
1074 80 74 34
1027 81 0 0
1031 81 22 0
989 81 44 0
991 81 65 0
953 81 0 34
954 81 20 34
909 81 40 34
870 81 59 34
831 81 77 34
832 82 0 0
723 82 17 0
724 82 32 0
674 82 47 0
617 82 61 0
618 82 74 0
579 82 0 34
505 82 12 34
506 82 23 34
509 82 34 34
440 82 45 34
383 82 55 34
386 82 64 34
266 82 73 34
108 82 80 34
1283 83 0 0
1246 83 32 0
1249 83 62 0
1212 83 0 33
1214 83 28 33
1119 83 56 33
1121 84 0 0
1079 84 25 0
1080 84 49 0
1081 84 73 0
1083 84 0 33
1049 84 24 33
966 84 47 33
968 84 68 33
969 85 0 0
928 85 21 0
929 85 41 0
888 85 61 0
889 85 0 33
806 85 19 33
807 85 36 33
757 83 81 33
701 85 53 33
552 82 84 34
554 85 68 33
555 85 80 33
422 86 0 0
423 86 10 0
424 86 20 0
254 84 89 33
255 86 30 0
96 85 92 33
99 86 37 0
30 14 95 61
10 10 96 0
1128 10 0 65
1094 10 26 65
1096 10 51 65
1098 86 41 0
1018 86 66 0
1019 86 0 33
1020 86 23 33
943 10 76 65
945 86 46 33
856 86 67 33
857 86 0 65
860 86 19 65
861 86 38 65
774 86 57 65
775 86 74 65
529 87 0 0
530 87 12 0
466 87 24 0
470 87 35 0
411 87 46 0
142 86 91 65
91 87 56 0
55 70 94 38
1216 83 0 66
1195 83 30 66
1196 83 59 66
1197 84 0 66
1170 84 29 66
1138 84 57 66
1060 85 0 66
1061 85 25 66
987 85 50 66
955 85 73 66
920 87 60 0
880 87 0 32
837 87 20 32
838 87 39 32
839 87 58 32
793 87 77 32
794 87 0 63
702 87 18 63
703 87 34 63
704 87 50 63
705 87 66 63
660 87 82 63
661 88 0 0
605 88 15 0
606 88 29 0
568 84 84 66
569 88 43 0
570 88 56 0
503 88 69 0
441 88 81 0
442 88 0 31
391 88 11 31
392 88 21 31
393 88 31 31
332 83 88 66
333 88 41 31
288 88 50 31
183 88 58 31
133 88 64 31
134 88 69 31
135 88 74 31
85 88 79 31
29 17 95 60
1174 9 0 67
1142 9 29 67
1067 9 57 67
1069 88 0 62
1070 88 26 62
1071 88 52 62
1035 89 0 0
996 89 25 0
964 89 49 0
925 89 72 0
926 89 0 30
927 89 22 30
896 89 44 30
848 89 65 30
850 89 0 60
851 89 20 60
766 88 78 62
722 89 40 60
725 89 57 60
685 89 74 60
625 90 0 0
629 90 15 0
540 9 83 67
487 90 30 0
491 90 42 0
421 90 54 0
375 90 65 0
377 90 75 0
323 90 85 0
324 90 0 30
274 90 9 30
225 89 90 60
227 90 17 30
125 90 24 30
9 9 96 67
1152 6 0 68
1153 6 29 68
1107 6 58 68
1075 7 0 68
1076 7 27 68
1037 7 54 68
1038 8 0 68
1039 8 26 68
1002 8 52 68
1003 80 0 68
1004 80 25 68
1005 80 50 68
1006 81 0 68
970 81 25 68
971 81 49 68
972 81 73 68
939 82 0 68
940 82 23 68
941 82 46 68
902 80 75 68
903 82 69 68
862 90 29 30
863 90 50 30
864 90 71 30
784 8 77 68
744 90 0 60
745 90 18 60
746 90 36 60
693 7 80 68
694 90 54 60
695 90 71 60
658 91 0 0
607 91 16 0
573 91 31 0
574 91 45 0
514 91 59 0
515 91 72 0
516 91 0 29
517 91 13 29
518 91 26 29
519 91 39 29
453 91 52 29
454 91 64 29
455 91 76 29
456 91 0 58
405 6 86 68
406 91 12 58
364 91 23 58
308 90 88 60
309 91 33 58
310 91 42 58
311 91 51 58
257 91 60 58
258 91 68 58
207 91 76 58
165 82 91 68
1041 5 0 69
1046 5 27 69
1007 5 54 69
1009 92 0 0
978 92 26 0
979 92 51 0
942 92 0 28
944 92 24 28
874 92 48 28
875 92 70 28
878 92 0 56
835 92 22 56
796 92 43 56
798 92 63 56
799 93 0 0
801 93 20 0
803 93 40 0
804 93 60 0
710 93 0 28
671 5 80 69
672 93 18 28
673 93 35 28
623 93 52 28
585 93 68 28
545 91 83 58
546 92 83 56
547 93 83 28
493 93 0 56
494 93 13 56
496 93 26 56
432 93 39 56
387 93 51 56
338 93 62 56
200 93 72 56
111 93 79 56
112 93 84 56
67 93 89 56
68 93 93 56
40 72 94 37
41 94 0 0
44 94 3 0
1010 77 0 70
985 77 27 70
881 77 53 70
882 78 0 70
883 78 23 70
884 78 46 70
885 78 69 70
842 79 0 70
843 79 22 70
844 79 44 70
809 77 76 70
810 79 66 70
811 94 6 0
769 94 27 0
770 94 47 0
773 94 67 0
727 94 0 28
688 94 19 28
647 94 37 28
594 94 54 28
596 94 70 28
572 94 0 55
522 94 15 55
523 94 29 55
366 94 43 55
280 79 87 70
281 94 54 55
282 94 63 55
231 94 72 55
186 94 80 55
188 94 87 55
7 8 96 68
949 76 0 71
913 76 26 71
914 76 51 71
915 95 0 0
918 95 25 0
886 95 50 0
887 95 0 26
846 95 24 26
847 95 47 26
816 95 70 26
819 95 0 52
820 95 22 52
821 95 44 52
822 95 66 52
777 76 76 71
780 96 0 0
781 96 21 0
739 96 42 0
741 96 62 0
742 96 0 26
696 96 20 26
697 96 39 26
664 96 58 26
665 96 76 26
619 96 0 52
620 96 17 52
621 96 34 52
537 96 51 52
538 96 66 52
539 96 81 52
541 97 0 0
542 97 15 0
495 97 30 0
497 97 44 0
498 97 58 0
436 97 72 0
437 97 0 26
397 97 13 26
398 97 25 26
349 97 37 26
305 97 48 26
307 97 58 26
259 95 88 52
262 97 68 26
217 97 77 26
218 97 85 26
177 97 0 52
178 97 7 52
140 97 14 52
93 78 92 70
94 97 20 52
21 28 95 56
824 74 0 72
825 74 23 72
747 74 46 72
748 74 67 72
706 75 0 72
707 75 20 72
708 75 40 72
709 75 60 72
668 97 25 52
669 97 44 52
670 97 63 52
627 98 0 0
628 98 18 0
590 75 80 72
591 98 36 0
560 98 53 0
564 98 69 0
511 97 82 52
372 98 85 0
376 98 0 25
328 98 12 25
248 74 88 72
250 98 23 25
204 98 32 25
206 98 40 25
166 98 48 25
167 98 55 25
6 16 96 61
786 4 0 73
787 4 23 73
751 4 46 73
753 4 68 73
754 98 62 25
756 98 0 50
711 98 22 50
712 98 43 50
713 98 64 50
714 99 0 0
715 99 21 0
716 99 42 0
717 99 63 0
676 99 0 24
678 99 20 24
680 99 40 24
681 99 60 24
684 99 0 48
640 99 20 48
642 99 39 48
644 99 58 48
595 99 77 48
599 99 0 72
600 99 18 72
604 99 36 72
476 99 54 72
480 99 69 72
490 100 0 0
492 100 15 0
429 100 30 0
394 99 84 72
395 100 44 0
401 100 57 0
402 100 70 0
403 100 83 0
315 98 85 50
316 100 0 24
268 100 11 24
271 100 21 24
272 100 31 24
229 100 41 24
232 100 50 24
193 100 59 24
196 100 67 24
150 4 90 73
155 100 75 24
51 100 82 24
54 100 86 24
34 94 94 55
759 3 0 74
719 3 23 74
720 3 45 74
721 3 67 74
686 71 0 74
648 71 21 74
649 71 41 74
650 71 61 74
651 72 0 74
608 72 20 74
609 72 39 74
610 72 58 74
611 72 77 74
543 73 0 74
450 71 81 74
451 73 17 74
412 73 32 74
413 73 46 74
367 73 60 74
368 73 73 74
369 98 0 74
370 98 13 74
371 98 26 74
329 98 39 74
330 98 51 74
331 98 63 74
293 73 86 74
294 98 75 74
295 98 86 74
296 100 0 48
297 100 11 48
298 100 22 48
299 100 33 48
253 100 44 48
181 3 89 74
109 100 54 48
687 100 60 48
653 100 0 71
654 100 21 71
657 100 42 71
614 100 63 71
550 101 0 0
551 101 18 0
553 101 36 0
504 101 54 0
507 101 71 0
508 101 0 22
510 101 17 22
465 101 34 22
467 101 50 22
418 101 66 22
419 101 81 22
420 101 0 44
388 100 83 71
389 101 15 44
390 101 29 44
350 101 43 44
351 101 56 44
352 101 69 44
353 101 82 44
313 101 0 66
314 101 12 66
278 101 24 66
279 101 35 66
236 101 46 66
203 101 56 66
168 101 65 66
170 101 73 66
132 101 81 66
586 70 0 76
557 70 20 76
558 70 39 76
471 70 58 76
473 70 75 76
474 102 0 0
475 102 17 0
427 102 34 0
428 102 50 0
430 102 66 0
289 102 82 0
256 102 0 21
222 102 11 21
187 101 88 66
149 102 21 21
151 102 29 21
153 102 37 21
154 102 45 21
86 102 53 21
88 102 59 21
59 70 92 76
14 29 95 55
5 21 96 57
563 69 0 77
565 69 20 77
566 69 40 77
526 69 60 77
527 102 65 21
528 102 0 42
478 69 79 77
481 102 19 42
482 102 37 42
485 102 55 42
486 102 73 42
438 102 0 62
439 102 17 62
407 102 34 62
408 102 50 62
410 102 66 62
373 102 82 62
334 103 0 0
336 103 14 0
339 103 28 0
340 103 42 0
303 103 56 0
304 103 69 0
267 103 82 0
275 103 0 20
276 103 12 20
235 103 24 20
239 103 35 20
205 103 46 20
171 103 56 20
172 103 65 20
174 103 74 20
141 103 83 20
110 103 0 40
114 103 7 40
82 103 14 40
83 103 20 40
84 103 26 40
4 25 96 56
443 95 0 78
446 95 18 78
414 95 36 78
378 95 53 78
379 95 69 78
380 96 0 78
381 96 16 78
343 96 32 78
344 96 47 78
345 96 62 78
347 96 77 78
317 97 0 78
320 97 14 78
321 97 28 78
285 97 42 78
286 97 55 78
251 95 85 78
252 97 68 78
221 97 80 78
189 103 32 40
191 103 42 40
162 103 52 40
163 103 61 40
164 103 70 40
101 103 79 40
102 103 86 40
74 97 91 78
75 103 0 60
26 96 92 78
384 68 0 79
385 68 17 79
357 68 34 79
359 68 50 79
361 68 66 79
260 68 82 79
261 103 6 60
263 103 19 60
230 103 32 60
176 103 44 60
143 103 54 60
144 103 63 60
119 103 72 60
121 103 80 60
122 103 88 60
123 103 0 79
62 103 8 79
63 103 14 79
45 103 20 79
47 103 25 79
362 67 0 80
363 67 17 80
326 67 34 80
327 67 50 80
301 67 66 80
265 67 81 80
241 103 30 79
242 103 43 79
208 103 56 79
209 103 68 79
210 103 80 79
211 104 0 0
212 104 12 0
213 104 24 0
214 104 36 0
215 104 48 0
184 104 60 0
158 104 71 0
159 104 81 0
160 104 0 17
161 104 10 17
127 104 20 17
128 104 29 17
129 104 38 17
130 104 47 17
104 104 56 17
105 104 64 17
106 104 72 17
107 104 80 17
58 104 88 17
273 104 0 34
244 104 15 34
245 104 29 34
219 104 43 34
220 104 56 34
192 104 69 34
194 104 81 34
195 104 0 50
169 104 12 50
120 104 23 50
89 104 32 50
90 104 40 50
69 104 48 50
18 103 92 79
246 66 0 82
247 66 15 82
249 66 30 82
223 66 45 82
197 66 59 82
198 66 72 82
175 66 85 82
145 94 0 82
146 94 11 82
126 94 22 82
103 94 32 82
79 94 41 82
81 94 49 82
61 94 57 82
27 94 64 82
8 32 95 54
201 94 68 82
202 94 82 82
179 102 0 82
147 102 13 82
148 102 25 82
156 102 37 82
131 102 49 82
66 102 60 82
71 102 68 82
72 102 76 82
56 102 84 82
38 102 91 82
39 104 55 50
42 104 61 50
43 104 67 50
23 104 73 50
157 65 0 84
136 65 13 84
138 65 25 84
117 65 37 84
118 65 48 84
92 65 59 84
77 65 69 84
48 65 78 84
49 65 85 84
50 92 0 84
20 65 92 84
22 92 7 84
95 92 11 84
97 92 22 84
98 92 33 84
100 92 44 84
78 92 55 84
80 92 65 84
52 92 75 84
53 92 83 84
35 92 91 84
12 93 0 84
36 63 0 86
15 63 7 86
16 63 11 86
57 62 0 87
46 62 10 87
32 62 19 87
28 62 26 87
19 62 32 87
33 62 37 87
24 61 0 89
25 61 7 89
13 61 14 89
11 60 0 90
3 35 95 53
2 60 5 90
1 45 96 51
