1407 1 0 0
1388 1 15 0
1368 1 29 0
1327 1 42 0
1290 1 54 0
1175 1 65 0
1062 1 74 0
1063 1 82 0
951 1 90 0
536 2 0 0
1422 2 4 0
1311 2 22 0
1160 2 35 0
1306 2 45 0
1421 2 59 0
1493 3 0 0
1497 4 0 0
911 4 64 0
1496 5 0 0
1370 5 51 0
1495 6 0 0
1449 6 52 0
1406 6 76 0
1194 7 0 0
1492 7 13 0
1487 7 57 0
1470 8 0 0
1429 8 27 0
1404 8 50 0
1389 8 71 0
1350 9 0 0
1325 9 18 0
1326 9 35 0
1299 9 52 0
1260 9 68 0
1184 9 83 0
952 10 0 0
871 10 10 0
31 10 19 0
1253 10 20 0
1475 10 35 0
1399 10 65 0
1159 11 0 0
1236 11 13 0
1154 11 28 0
1484 11 41 0
1182 11 76 0
967 12 0 0
1424 12 11 0
1375 12 36 0
1356 12 57 0
1310 12 77 0
1250 13 0 0
1251 13 16 0
1171 13 32 0
1172 13 46 0
1024 13 60 0
879 13 72 0
287 13 82 0
1490 14 0 0
1488 14 41 0
1489 15 0 0
1483 15 40 0
1479 16 0 0
1434 16 35 0
1410 16 61 0
1400 17 0 0
1372 17 23 0
1271 17 44 0
1237 17 61 0
1209 17 77 0
499 18 0 0
1474 18 6 0
1428 18 39 0
1412 18 65 0
1413 19 0 0
1395 19 25 0
1298 19 48 0
1199 19 66 0
1072 19 81 0
277 20 0 0
1486 20 4 0
1419 20 44 0
1355 20 70 0
1225 21 0 0
1122 21 16 0
1494 21 30 0
1452 22 0 0
1442 22 29 0
1369 22 57 0
1173 22 79 0
659 23 0 0
452 23 8 0
1462 23 14 0
1463 23 45 0
1448 24 0 0
1439 24 29 0
1440 24 57 0
1420 25 0 0
1411 25 27 0
1317 25 53 0
1318 25 73 0
1235 26 0 0
1156 26 17 0
1158 26 32 0
1022 26 47 0
956 26 60 0
957 26 72 0
728 26 84 0
729 27 0 0
641 27 9 0
559 27 17 0
346 27 24 0
348 27 29 0
76 27 34 0
1485 27 36 0
1482 28 0 0
1443 28 39 0
1444 28 68 0
1415 29 0 0
1416 29 27 0
1408 29 54 0
1373 30 0 0
1314 30 23 0
1191 30 43 0
1192 30 59 0
1139 30 75 0
1077 31 0 0
800 31 14 0
802 31 24 0
431 31 34 0
433 31 40 0
65 31 46 0
70 31 48 0
1438 31 50 0
1376 32 0 0
1346 32 24 0
1303 32 46 0
1248 32 66 0
1180 33 0 0
1181 33 16 0
1120 33 32 0
931 33 47 0
932 33 59 0
855 33 71 0
534 33 82 0
240 33 89 0
1491 34 0 0
1471 34 50 0
1385 35 0 0
1335 35 25 0
1294 35 47 0
1210 35 67 0
1211 36 0 0
1045 36 17 0
986 36 31 0
771 36 44 0
520 36 54 0
521 36 61 0
525 36 68 0
325 36 75 0
1481 37 0 0
1460 37 41 0
1447 38 0 0
1435 38 31 0
1436 38 61 0
1393 39 0 0
1379 39 26 0
1347 39 51 0
1328 39 74 0
1329 40 0 0
1307 40 22 0
1288 40 43 0
1203 40 63 0
1204 40 80 0
1086 41 0 0
1087 41 15 0
1023 41 30 0
963 41 44 0
760 41 57 0
589 41 67 0
1478 42 0 0
1466 42 41 0
1450 43 0 0
1409 43 32 0
1386 43 60 0
1361 44 0 0
1340 44 24 0
1319 44 47 0
1300 44 69 0
1272 45 0 0
1273 45 20 0
1275 45 40 0
1276 45 60 0
1244 46 0 0
1221 46 19 0
1125 46 37 0
1126 46 53 0
1127 46 69 0
1066 47 0 0
1068 47 15 0
1008 47 30 0
950 47 44 0
818 47 57 0
740 47 68 0
306 47 78 0
1469 48 0 0
1456 48 36 0
1432 49 0 0
1433 49 31 0
1405 49 62 0
1380 50 0 0
1330 50 26 0
1262 50 49 0
1264 50 69 0
1110 51 0 0
1113 51 16 0
1114 51 32 0
1051 51 48 0
1052 51 63 0
1053 51 78 0
1055 52 0 0
988 52 15 0
869 52 29 0
726 52 41 0
645 52 51 0
646 52 60 0
580 52 69 0
472 52 77 0
300 52 84 0
1461 53 0 0
1453 53 35 0
1425 54 0 0
1374 54 31 0
1362 54 57 0
1363 55 0 0
1364 55 25 0
1321 55 50 0
1302 55 73 0
1226 56 0 0
1198 56 19 0
1097 56 37 0
1100 56 53 0
1032 56 69 0
1033 57 0 0
1034 57 15 0
1036 57 30 0
975 57 45 0
982 57 59 0
916 57 73 0
917 58 0 0
919 58 13 0
852 58 26 0
853 58 38 0
782 58 50 0
783 58 61 0
630 58 72 0
633 58 81 0
562 59 0 0
567 59 8 0
461 59 16 0
462 59 23 0
374 59 30 0
1441 59 36 0
1430 60 0 0
1377 60 32 0
1378 60 59 0
1331 61 0 0
1332 61 24 0
1333 61 48 0
1292 61 72 0
1293 62 0 0
1266 62 22 0
1217 62 43 0
1218 62 62 0
1183 63 0 0
1129 63 18 0
1130 63 35 0
1131 63 52 0
1078 63 69 0
1013 64 0 0
1015 64 15 0
1016 64 30 0
958 64 45 0
959 64 59 0
960 64 73 0
901 65 0 0
836 65 13 0
764 65 25 0
616 65 36 0
544 65 45 0
548 65 53 0
549 65 61 0
447 65 69 0
283 65 76 0
199 65 81 0
1477 66 0 0
1467 66 43 0
1468 67 0 0
1464 67 38 0
1446 68 0 0
1383 68 34 0
1384 68 62 0
1359 69 0 0
1360 69 26 0
1341 69 52 0
1284 70 0 0
1254 70 22 0
1255 70 43 0
1208 70 64 0
1164 71 0 0
1166 71 18 0
1168 71 36 0
1112 71 54 0
1056 71 71 0
946 72 0 0
826 72 14 0
827 72 26 0
750 72 38 0
752 72 49 0
758 72 60 0
677 72 71 0
682 72 81 0
683 73 0 0
598 73 10 0
601 73 19 0
602 73 28 0
531 73 37 0
532 73 45 0
434 73 53 0
435 73 60 0
356 73 67 0
124 73 73 0
1480 74 0 0
1457 74 46 0
1426 75 0 0
1427 75 33 0
1414 76 0 0
1390 76 32 0
1391 76 61 0
1349 77 0 0
1316 77 26 0
1269 77 50 0
1242 77 72 0
1190 78 0 0
1155 78 19 0
1090 78 37 0
1091 78 54 0
1092 78 71 0
1093 79 0 0
922 79 17 0
923 79 31 0
924 79 45 0
865 79 59 0
866 79 72 0
867 80 0 0
868 80 13 0
808 80 26 0
667 80 38 0
588 80 48 0
512 80 57 0
513 80 65 0
417 80 73 0
341 80 80 0
342 80 86 0
264 80 92 0
185 81 0 0
1458 81 4 0
1459 81 42 0
1454 82 0 0
1403 82 37 0
1394 83 0 0
1382 83 30 0
1305 83 59 0
1286 84 0 0
1287 84 23 0
1231 84 46 0
1176 84 67 0
1073 85 0 0
965 85 17 0
906 85 32 0
907 85 46 0
908 85 60 0
785 85 74 0
788 86 0 0
789 86 12 0
718 86 24 0
583 86 35 0
500 86 44 0
501 86 52 0
180 86 60 0
1476 87 0 0
1473 87 45 0
1465 88 0 0
1431 88 40 0
1366 89 0 0
1315 89 28 0
1295 89 53 0
1247 90 0 0
1200 90 22 0
1202 90 42 0
1157 90 62 0
1103 91 0 0
1104 91 18 0
1105 91 36 0
1106 91 54 0
1050 91 72 0
1054 92 0 0
992 92 17 0
993 92 33 0
998 92 49 0
999 92 65 0
947 92 81 0
948 93 0 0
893 93 15 0
895 93 29 0
898 93 43 0
899 93 57 0
833 93 71 0
834 93 84 0
765 94 0 0
768 94 12 0
772 94 24 0
699 94 36 0
700 94 47 0
624 94 58 0
626 94 68 0
631 94 78 0
632 95 0 0
571 95 10 0
484 95 19 0
489 95 27 0
404 95 35 0
322 95 42 0
1472 95 48 0
1451 96 0 0
1445 96 38 0
1401 97 0 0
1402 97 32 0
1354 97 64 0
1336 98 0 0
1337 98 27 0
1338 98 54 0
1301 99 0 0
1285 99 25 0
1257 99 49 0
1258 99 72 0
1213 100 0 0
1179 100 21 0
1133 100 41 0
1135 100 60 0
1136 101 0 0
1085 101 19 0
1025 101 37 0
1026 101 54 0
1028 101 71 0
1029 102 0 0
1030 102 17 0
930 102 34 0
873 102 49 0
876 102 63 0
877 102 77 0
815 103 0 0
817 103 13 0
755 103 26 0
556 103 38 0
468 103 47 0
469 103 55 0
312 103 63 0
237 103 69 0
238 103 74 0
17 103 79 0
1455 104 0 0
1437 104 40 0
1423 105 0 0
1381 105 36 0
1342 105 67 0
1343 106 0 0
1344 106 28 0
1312 106 56 0
1291 107 0 0
1267 107 25 0
1268 107 49 0
1205 107 73 0
1161 108 0 0
1162 108 20 0
1115 108 40 0
1116 108 59 0
1117 108 78 0
1059 109 0 0
1011 109 18 0
961 109 35 0
962 109 51 0
854 109 67 0
795 109 81 0
730 110 0 0
731 110 12 0
732 110 24 0
592 110 36 0
535 110 46 0
448 110 55 0
449 110 63 0
302 110 71 0
228 110 77 0
1396 111 0 0
1397 111 33 0
1398 112 0 0
1232 112 33 0
1233 112 56 0
1234 113 0 0
1146 113 23 0
1150 113 43 0
1040 113 63 0
1047 114 0 0
1048 114 18 0
990 114 36 0
892 114 53 0
776 114 68 0
778 114 81 0
779 115 0 0
652 115 13 0
655 115 24 0
656 115 35 0
587 115 46 0
524 115 56 0
291 115 65 0
292 115 71 0
152 115 77 0
87 115 81 0
1417 116 0 0
1387 116 37 0
1352 117 0 0
1353 117 30 0
1289 117 60 0
1265 118 0 0
1239 118 25 0
1240 118 49 0
1223 118 73 0
1224 119 0 0
1163 119 23 0
1118 119 44 0
1065 119 64 0
1021 120 0 0
973 120 18 0
974 120 35 0
921 120 52 0
872 120 68 0
823 120 83 0
762 121 0 0
763 121 13 0
691 121 26 0
692 121 38 0
634 121 50 0
635 121 61 0
581 121 72 0
582 121 82 0
416 122 0 0
354 122 8 0
355 122 15 0
284 122 22 0
216 122 28 0
37 122 33 0
1418 122 35 0
1371 123 0 0
1357 123 32 0
1358 123 63 0
1313 124 0 0
1274 124 28 0
1228 124 54 0
1229 125 0 0
1140 125 24 0
1143 125 45 0
1145 125 66 0
1147 126 0 0
1149 126 21 0
1095 126 42 0
1099 126 62 0
994 127 0 0
995 127 18 0
997 127 36 0
904 127 54 0
905 127 70 0
849 128 0 0
797 128 15 0
805 128 29 0
734 128 43 0
735 128 56 0
736 128 69 0
737 128 82 0
738 129 0 0
743 129 13 0
675 129 26 0
679 129 38 0
612 129 50 0
613 129 61 0
615 129 72 0
561 129 83 0
477 130 0 0
479 130 9 0
483 130 18 0
409 130 27 0
335 130 35 0
337 130 42 0
269 130 49 0
270 130 55 0
1392 130 61 0
1345 131 0 0
1280 131 31 0
1259 131 58 0
1193 132 0 0
983 132 23 0
984 132 41 0
933 132 59 0
934 132 76 0
935 133 0 0
464 133 17 0
396 133 26 0
399 133 34 0
400 133 42 0
137 133 50 0
139 133 54 0
1304 133 58 0
1243 134 0 0
1245 134 26 0
1227 134 52 0
1177 135 0 0
1132 135 23 0
1134 135 45 0
1137 135 67 0
1088 136 0 0
1089 136 21 0
1000 136 42 0
1001 136 61 0
858 136 80 0
859 137 0 0
812 137 16 0
813 137 31 0
814 137 46 0
761 137 61 0
698 137 75 0
643 138 0 0
444 138 12 0
445 138 21 0
382 138 30 0
318 138 38 0
319 138 45 0
190 138 52 0
73 138 57 0
1365 138 60 0
1348 139 0 0
1334 139 33 0
1320 139 65 0
1270 140 0 0
1252 140 28 0
1230 140 55 0
1215 141 0 0
1186 141 25 0
1187 141 49 0
1188 141 73 0
1189 142 0 0
1108 142 24 0
1064 142 46 0
937 142 67 0
938 143 0 0
890 143 18 0
891 143 35 0
840 143 52 0
841 143 68 0
790 144 0 0
791 144 15 0
792 144 30 0
733 144 45 0
622 144 59 0
575 144 71 0
576 144 82 0
577 145 0 0
578 145 11 0
502 145 22 0
425 145 32 0
426 145 41 0
365 145 50 0
243 145 58 0
182 145 64 0
64 145 69 0
1367 146 0 0
1322 146 35 0
1323 147 0 0
1324 147 32 0
1308 147 64 0
1309 148 0 0
1296 148 31 0
1297 148 61 0
1277 149 0 0
1256 149 29 0
1219 149 57 0
1220 150 0 0
1222 150 26 0
1201 150 52 0
1165 151 0 0
1167 151 24 0
1169 151 48 0
1123 151 72 0
1124 152 0 0
1082 152 23 0
1084 152 45 0
1042 152 67 0
1043 153 0 0
1044 153 21 0
910 153 42 0
912 153 60 0
828 153 78 0
829 154 0 0
830 154 16 0
767 154 32 0
662 154 47 0
663 154 60 0
666 154 73 0
593 155 0 0
597 155 12 0
603 155 24 0
488 155 36 0
415 155 46 0
358 155 55 0
360 155 63 0
290 155 71 0
233 155 78 0
234 155 84 0
173 155 90 0
1351 156 0 0
1339 156 35 0
1278 157 0 0
1279 157 30 0
1238 157 60 0
1206 158 0 0
1207 158 26 0
1178 158 52 0
1141 159 0 0
1144 159 24 0
1148 159 48 0
1151 159 72 0
1101 160 0 0
1102 160 23 0
1057 160 46 0
1058 160 68 0
1012 161 0 0
1014 161 21 0
1017 161 42 0
976 161 63 0
977 162 0 0
980 162 20 0
981 162 40 0
936 162 60 0
894 162 79 0
897 163 0 0
900 163 18 0
845 163 36 0
749 163 53 0
689 163 68 0
690 163 82 0
636 164 0 0
637 164 13 0
638 164 26 0
639 164 39 0
584 164 52 0
533 164 64 0
457 164 75 0
458 164 85 0
459 165 0 0
460 165 10 0
463 165 20 0
224 165 30 0
226 165 36 0
113 165 42 0
115 165 46 0
116 165 50 0
60 165 54 0
1281 165 57 0
1282 166 0 0
1261 166 31 0
1263 166 61 0
1241 167 0 0
1185 167 29 0
1109 167 55 0
1111 168 0 0
1074 168 24 0
1027 168 47 0
1031 168 69 0
989 169 0 0
991 169 21 0
953 169 42 0
954 169 62 0
909 170 0 0
870 170 19 0
831 170 37 0
832 170 54 0
723 170 71 0
724 171 0 0
674 171 15 0
617 171 29 0
618 171 42 0
579 171 55 0
505 171 67 0
506 171 78 0
509 172 0 0
440 172 11 0
383 172 21 0
386 172 30 0
266 172 39 0
108 172 46 0
1283 172 50 0
1246 173 0 0
1249 173 30 0
1212 173 60 0
1214 174 0 0
1119 174 28 0
1121 174 53 0
1079 175 0 0
1080 175 24 0
1081 175 48 0
1083 175 72 0
1049 176 0 0
966 176 23 0
968 176 44 0
969 176 65 0
928 177 0 0
929 177 20 0
888 177 40 0
889 177 59 0
806 177 78 0
807 178 0 0
757 178 17 0
701 178 33 0
552 178 48 0
554 178 60 0
555 178 72 0
422 178 84 0
423 179 0 0
424 179 10 0
254 179 20 0
255 179 27 0
96 179 34 0
99 179 38 0
30 179 42 0
10 179 44 0
1128 179 45 0
1094 179 71 0
1096 180 0 0
1098 180 25 0
1018 180 50 0
1019 180 73 0
1020 181 0 0
943 181 23 0
945 181 44 0
856 181 65 0
857 182 0 0
860 182 19 0
861 182 38 0
774 182 57 0
775 182 74 0
529 183 0 0
530 183 12 0
466 183 24 0
470 183 35 0
411 183 46 0
142 183 56 0
91 183 61 0
55 183 65 0
1216 184 0 0
1195 184 30 0
1196 184 59 0
1197 185 0 0
1170 185 29 0
1138 185 57 0
1060 186 0 0
1061 186 25 0
987 186 50 0
955 186 73 0
920 187 0 0
880 187 21 0
837 187 41 0
838 187 60 0
839 188 0 0
793 188 19 0
794 188 37 0
702 188 55 0
703 188 71 0
704 189 0 0
705 189 16 0
660 189 32 0
661 189 47 0
605 189 62 0
606 189 76 0
568 190 0 0
569 190 13 0
570 190 26 0
503 190 39 0
441 190 51 0
442 190 62 0
391 190 73 0
392 190 83 0
393 191 0 0
332 191 10 0
333 191 19 0
288 191 28 0
183 191 36 0
133 191 42 0
134 191 47 0
135 191 52 0
85 191 57 0
29 191 61 0
1174 191 63 0
1142 192 0 0
1067 192 28 0
1069 192 54 0
1070 193 0 0
1071 193 26 0
1035 193 52 0
996 194 0 0
964 194 24 0
925 194 47 0
926 194 69 0
927 195 0 0
896 195 22 0
848 195 43 0
850 195 63 0
851 196 0 0
766 196 20 0
722 196 38 0
725 196 55 0
685 196 72 0
625 197 0 0
629 197 15 0
540 197 30 0
487 197 43 0
491 197 55 0
421 197 67 0
375 197 78 0
377 198 0 0
323 198 10 0
324 198 19 0
274 198 28 0
225 198 36 0
227 198 43 0
125 198 50 0
9 198 55 0
1152 198 56 0
1153 199 0 0
1107 199 29 0
1075 199 57 0
1076 200 0 0
1037 200 27 0
1038 200 53 0
1039 201 0 0
1002 201 26 0
1003 201 51 0
1004 202 0 0
1005 202 25 0
1006 202 50 0
970 203 0 0
971 203 24 0
972 203 48 0
939 203 72 0
940 204 0 0
941 204 23 0
902 204 46 0
903 204 68 0
862 205 0 0
863 205 21 0
864 205 42 0
784 205 63 0
744 206 0 0
745 206 18 0
746 206 36 0
693 206 54 0
694 206 71 0
695 207 0 0
658 207 17 0
607 207 33 0
573 207 48 0
574 207 62 0
514 207 76 0
515 208 0 0
516 208 13 0
517 208 26 0
518 208 39 0
519 208 52 0
453 208 65 0
454 208 77 0
455 209 0 0
456 209 12 0
405 209 24 0
406 209 35 0
364 209 46 0
308 209 56 0
309 209 65 0
310 209 74 0
311 209 83 0
257 210 0 0
258 210 8 0
207 210 16 0
165 210 23 0
1041 210 29 0
1046 210 56 0
1007 211 0 0
1009 211 26 0
978 211 52 0
979 212 0 0
942 212 25 0
944 212 49 0
874 212 73 0
875 213 0 0
878 213 22 0
835 213 44 0
796 213 65 0
798 214 0 0
799 214 20 0
801 214 40 0
803 214 60 0
804 215 0 0
710 215 20 0
671 215 38 0
672 215 55 0
673 215 72 0
623 216 0 0
585 216 16 0
545 216 31 0
546 216 45 0
547 216 59 0
493 216 73 0
494 217 0 0
496 217 13 0
432 217 26 0
387 217 38 0
338 217 49 0
200 217 59 0
111 217 66 0
112 217 71 0
67 217 76 0
68 217 80 0
40 217 84 0
41 217 87 0
44 217 90 0
1010 218 0 0
985 218 27 0
881 218 53 0
882 219 0 0
883 219 23 0
884 219 46 0
885 219 69 0
842 220 0 0
843 220 22 0
844 220 44 0
809 220 66 0
810 221 0 0
811 221 21 0
769 221 42 0
770 221 62 0
773 222 0 0
727 222 20 0
688 222 39 0
647 222 57 0
594 222 74 0
596 223 0 0
572 223 16 0
522 223 31 0
523 223 45 0
366 223 59 0
280 223 70 0
281 223 79 0
282 223 88 0
231 224 0 0
186 224 8 0
188 224 15 0
7 224 22 0
949 224 23 0
913 224 49 0
914 225 0 0
915 225 25 0
918 225 50 0
886 226 0 0
887 226 24 0
846 226 48 0
847 226 71 0
816 227 0 0
819 227 22 0
820 227 44 0
821 227 66 0
822 228 0 0
777 228 22 0
780 228 43 0
781 228 64 0
739 229 0 0
741 229 20 0
742 229 40 0
696 229 60 0
697 230 0 0
664 230 19 0
665 230 37 0
619 230 55 0
620 230 72 0
621 231 0 0
537 231 17 0
538 231 32 0
539 231 47 0
541 231 62 0
542 231 77 0
495 232 0 0
497 232 14 0
498 232 28 0
436 232 42 0
437 232 55 0
397 232 68 0
398 232 80 0
349 233 0 0
305 233 11 0
307 233 21 0
259 233 31 0
262 233 40 0
217 233 49 0
218 233 57 0
177 233 65 0
178 233 72 0
140 233 79 0
93 233 85 0
94 233 90 0
21 233 95 0
824 234 0 0
825 234 23 0
747 234 46 0
748 234 67 0
706 235 0 0
707 235 20 0
708 235 40 0
709 235 60 0
668 236 0 0
669 236 19 0
670 236 38 0
627 236 57 0
628 236 75 0
590 237 0 0
591 237 17 0
560 237 34 0
564 237 50 0
511 237 66 0
372 237 81 0
376 238 0 0
328 238 12 0
248 238 23 0
250 238 32 0
204 238 41 0
206 238 49 0
166 238 57 0
167 238 64 0
6 238 71 0
786 238 72 0
787 239 0 0
751 239 23 0
753 239 45 0
754 239 67 0
756 240 0 0
711 240 22 0
712 240 43 0
713 240 64 0
714 241 0 0
715 241 21 0
716 241 42 0
717 241 63 0
676 242 0 0
678 242 20 0
680 242 40 0
681 242 60 0
684 243 0 0
640 243 20 0
642 243 39 0
644 243 58 0
595 243 77 0
599 244 0 0
600 244 18 0
604 244 36 0
476 244 54 0
480 244 69 0
490 245 0 0
492 245 15 0
429 245 30 0
394 245 44 0
395 245 57 0
401 245 70 0
402 245 83 0
403 246 0 0
315 246 13 0
316 246 24 0
268 246 35 0
271 246 45 0
272 246 55 0
229 246 65 0
232 246 74 0
193 246 83 0
196 247 0 0
150 247 8 0
155 247 15 0
51 247 22 0
54 247 26 0
34 247 30 0
759 247 33 0
719 247 56 0
720 248 0 0
721 248 22 0
686 248 44 0
648 248 65 0
649 249 0 0
650 249 20 0
651 249 40 0
608 249 60 0
609 250 0 0
610 250 19 0
611 250 38 0
543 250 57 0
450 250 74 0
451 251 0 0
412 251 15 0
413 251 29 0
367 251 43 0
368 251 56 0
369 251 69 0
370 251 82 0
371 252 0 0
329 252 13 0
330 252 25 0
331 252 37 0
293 252 49 0
294 252 60 0
295 252 71 0
296 252 82 0
297 253 0 0
298 253 11 0
299 253 22 0
253 253 33 0
181 253 43 0
109 253 51 0
687 253 57 0
653 254 0 0
654 254 21 0
657 254 42 0
614 254 63 0
550 255 0 0
551 255 18 0
553 255 36 0
504 255 54 0
507 255 71 0
508 256 0 0
510 256 17 0
465 256 34 0
467 256 50 0
418 256 66 0
419 256 81 0
420 257 0 0
388 257 15 0
389 257 29 0
390 257 43 0
350 257 57 0
351 257 70 0
352 257 83 0
353 258 0 0
313 258 13 0
314 258 25 0
278 258 37 0
279 258 48 0
236 258 59 0
203 258 69 0
168 258 78 0
170 258 86 0
132 259 0 0
586 259 7 0
557 259 27 0
558 259 46 0
471 259 65 0
473 260 0 0
474 260 17 0
475 260 34 0
427 260 51 0
428 260 67 0
430 261 0 0
289 261 16 0
256 261 28 0
222 261 39 0
187 261 49 0
149 261 58 0
151 261 66 0
153 261 74 0
154 261 82 0
86 261 90 0
88 262 0 0
59 262 6 0
14 262 11 0
5 262 13 0
563 262 14 0
565 262 34 0
566 262 54 0
526 262 74 0
527 263 0 0
528 263 19 0
478 263 38 0
481 263 56 0
482 263 74 0
485 264 0 0
486 264 18 0
438 264 36 0
439 264 53 0
407 264 70 0
408 265 0 0
410 265 16 0
373 265 32 0
334 265 47 0
336 265 61 0
339 265 75 0
340 266 0 0
303 266 14 0
304 266 27 0
267 266 40 0
275 266 52 0
276 266 64 0
235 266 76 0
239 267 0 0
205 267 11 0
171 267 21 0
172 267 30 0
174 267 39 0
141 267 48 0
110 267 56 0
114 267 63 0
82 267 70 0
83 267 76 0
84 267 82 0
4 267 88 0
443 268 0 0
446 268 18 0
414 268 36 0
378 268 53 0
379 268 69 0
380 269 0 0
381 269 16 0
343 269 32 0
344 269 47 0
345 269 62 0
347 269 77 0
317 270 0 0
320 270 14 0
321 270 28 0
285 270 42 0
286 270 55 0
251 270 68 0
252 270 80 0
221 271 0 0
189 271 11 0
191 271 21 0
162 271 31 0
163 271 40 0
164 271 49 0
101 271 58 0
102 271 65 0
74 271 72 0
75 271 78 0
26 271 84 0
384 272 0 0
385 272 17 0
357 272 34 0
359 272 50 0
361 272 66 0
260 272 82 0
261 273 0 0
263 273 13 0
230 273 26 0
176 273 38 0
143 273 48 0
144 273 57 0
119 273 66 0
121 273 74 0
122 273 82 0
123 274 0 0
62 274 8 0
63 274 14 0
45 274 20 0
47 274 25 0
362 274 30 0
363 274 47 0
326 274 64 0
327 274 80 0
301 275 0 0
265 275 15 0
241 275 29 0
242 275 42 0
208 275 55 0
209 275 67 0
210 275 79 0
211 276 0 0
212 276 12 0
213 276 24 0
214 276 36 0
215 276 48 0
184 276 60 0
158 276 71 0
159 276 81 0
160 277 0 0
161 277 10 0
127 277 20 0
128 277 29 0
129 277 38 0
130 277 47 0
104 277 56 0
105 277 64 0
106 277 72 0
107 277 80 0
58 277 88 0
273 278 0 0
244 278 15 0
245 278 29 0
219 278 43 0
220 278 56 0
192 278 69 0
194 278 81 0
195 279 0 0
169 279 12 0
120 279 23 0
89 279 32 0
90 279 40 0
69 279 48 0
18 279 55 0
246 279 58 0
247 279 73 0
249 280 0 0
223 280 15 0
197 280 29 0
198 280 42 0
175 280 55 0
145 280 67 0
146 280 78 0
126 281 0 0
103 281 10 0
79 281 19 0
81 281 27 0
61 281 35 0
27 281 42 0
8 281 46 0
201 281 48 0
202 281 62 0
179 281 76 0
147 282 0 0
148 282 12 0
156 282 24 0
131 282 36 0
66 282 47 0
71 282 55 0
72 282 63 0
56 282 71 0
38 282 78 0
39 282 84 0
42 282 90 0
43 283 0 0
23 283 6 0
157 283 10 0
136 283 23 0
138 283 35 0
117 283 47 0
118 283 58 0
92 283 69 0
77 283 79 0
48 283 88 0
49 284 0 0
50 284 7 0
20 284 14 0
22 284 18 0
95 284 22 0
97 284 33 0
98 284 44 0
100 284 55 0
78 284 66 0
80 284 76 0
52 284 86 0
53 285 0 0
35 285 8 0
12 285 14 0
36 285 17 0
15 285 24 0
16 285 28 0
57 285 32 0
46 285 42 0
32 285 51 0
28 285 58 0
19 285 64 0
33 285 69 0
24 285 77 0
25 285 84 0
13 285 91 0
11 286 0 0
3 286 5 0
2 286 7 0
1 286 10 0
