97
1 1 4
2 3 4
3 2 6
4 1 20
5 1 21
6 1 25
7 1 27
8 2 15
9 1 30
10 1 33
11 5 7
12 3 12
13 5 8
14 2 21
15 4 11
16 4 11
17 1 44
18 3 16
19 5 10
20 4 13
21 2 26
22 4 13
23 4 14
24 7 8
25 7 8
26 3 19
27 4 15
28 6 10
29 2 31
30 2 33
31 1 68
32 7 10
33 8 9
34 3 24
35 6 12
36 7 11
37 2 41
38 6 14
39 6 14
40 3 28
41 3 28
42 6 14
43 6 14
44 3 28
45 5 18
46 9 10
47 5 18
48 7 13
49 7 13
50 7 13
51 4 24
52 8 12
53 8 12
54 4 24
55 3 32
56 7 14
57 10 10
58 6 17
59 5 21
60 3 35
61 7 15
62 6 18
63 6 18
64 3 37
65 2 56
66 8 14
67 4 28
68 4 28
69 7 16
70 2 56
71 8 14
72 8 14
73 3 38
74 6 19
75 6 19
76 2 57
77 9 13
78 10 12
79 8 15
80 10 12
81 8 15
82 6 20
83 6 20
84 6 20
85 4 31
86 6 21
87 3 42
88 6 21
89 8 16
90 8 16
91 4 32
92 10 13
93 5 26
94 5 26
95 11 12
96 4 33
97 11 12
98 11 12
99 4 33
100 11 12
101 7 19
102 7 19
103 9 15
104 8 17
105 8 17
106 8 17
107 8 17
108 4 34
109 6 23
110 7 20
111 5 28
112 5 28
113 4 35
114 7 20
115 4 35
116 4 35
117 11 13
118 11 13
119 8 18
120 9 16
121 8 18
122 8 18
123 8 18
124 3 48
125 5 30
126 10 15
127 9 17
128 9 17
129 9 17
130 9 17
131 11 14
132 7 22
133 5 31
134 5 31
135 5 31
136 12 13
137 4 39
138 12 13
139 4 39
140 6 26
141 8 20
142 5 32
143 9 18
144 9 18
145 11 15
146 11 15
147 12 14
148 12 14
149 8 21
150 7 24
151 8 21
152 4 42
153 8 21
154 8 21
155 7 24
156 12 14
157 13 13
158 10 17
159 10 17
160 10 17
161 10 17
162 9 19
163 9 19
164 9 19
165 6 29
166 7 25
167 7 25
168 8 22
169 11 16
170 8 22
171 9 20
172 9 20
173 5 36
174 9 20
175 12 15
176 10 18
177 7 26
178 7 26
179 13 14
180 4 46
181 8 23
182 5 37
183 6 31
184 11 17
185 4 47
186 7 27
187 9 21
188 7 27
189 10 19
190 5 38
191 10 19
192 12 16
193 8 24
194 12 16
195 12 16
196 8 24
197 13 15
198 13 15
199 4 49
200 7 28
201 14 14
202 14 14
203 9 22
204 8 25
205 10 20
206 8 25
207 7 29
208 12 17
209 12 17
210 12 17
211 12 17
212 12 17
213 12 17
214 12 17
215 12 17
216 5 41
217 8 26
218 8 26
219 13 16
220 13 16
221 11 19
222 10 21
223 14 15
224 6 35
225 7 30
226 6 35
227 7 30
228 5 43
229 9 24
230 12 18
231 8 27
232 9 24
233 6 36
234 6 36
235 11 20
236 10 22
237 5 44
238 5 44
239 11 20
240 4 55
241 13 17
242 13 17
243 6 37
244 14 16
245 14 16
246 15 15
247 15 15
248 9 25
249 15 15
250 9 25
251 12 19
252 12 19
253 10 23
254 7 33
255 7 33
256 11 21
257 8 29
258 8 29
259 9 26
260 13 18
261 13 18
262 9 26
263 13 18
264 5 47
265 14 17
266 7 34
267 12 20
268 10 24
269 6 40
270 6 40
271 10 24
272 10 24
273 15 16
274 8 30
275 12 20
276 12 20
277 4 60
278 11 22
279 11 22
280 9 27
281 9 27
282 9 27
283 5 49
284 6 41
285 13 19
286 13 19
287 4 62
288 8 31
289 12 21
290 7 36
291 6 42
292 6 42
293 11 23
294 11 23
295 11 23
296 11 23
297 11 23
298 11 23
299 11 23
300 5 51
301 15 17
302 6 43
303 13 20
304 13 20
305 10 26
306 5 52
307 10 26
308 9 29
309 9 29
310 9 29
311 9 29
312 6 44
313 12 22
314 12 22
315 11 24
316 11 24
317 14 19
318 7 38
319 7 38
320 14 19
321 14 19
322 6 45
323 9 30
324 9 30
325 5 54
326 16 17
327 16 17
328 11 25
329 12 23
330 12 23
331 12 23
332 9 31
333 9 31
334 14 20
335 7 40
336 14 20
337 7 40
338 10 28
339 14 20
340 14 20
341 6 47
342 6 47
343 15 19
344 15 19
345 15 19
346 5 57
347 15 19
348 5 57
349 11 26
350 13 22
351 13 22
352 13 22
353 13 22
354 7 41
355 7 41
356 6 48
357 16 18
358 8 36
359 16 18
360 8 36
361 16 18
362 17 17
363 17 17
364 10 29
365 8 37
366 11 27
367 13 23
368 13 23
369 13 23
370 13 23
371 13 23
372 12 25
373 15 20
374 6 50
375 10 30
376 12 25
377 10 30
378 16 19
379 16 19
380 16 19
381 16 19
382 8 38
383 9 34
384 17 18
385 17 18
386 9 34
387 11 28
388 14 22
389 14 22
390 14 22
391 10 31
392 10 31
393 10 31
394 13 24
395 13 24
396 8 39
397 12 26
398 12 26
399 8 39
400 8 39
401 13 24
402 13 24
403 13 24
404 7 45
405 11 29
406 11 29
407 16 20
408 16 20
409 8 40
410 16 20
411 10 32
412 14 23
413 14 23
414 17 19
415 9 36
416 8 41
417 7 47
418 15 22
419 15 22
420 15 22
421 11 30
422 10 33
423 10 33
424 10 33
425 9 37
426 9 37
427 16 21
428 16 21
429 14 24
430 16 21
431 6 56
432 12 28
433 6 56
434 7 48
435 7 48
436 13 26
437 13 26
438 17 20
439 17 20
440 10 34
441 11 31
442 11 31
443 18 19
444 9 38
445 9 38
446 18 19
447 7 49
448 8 43
449 8 43
450 15 23
451 15 23
452 6 58
453 12 29
454 12 29
455 12 29
456 12 29
457 10 35
458 10 35
459 10 35
460 10 35
461 7 50
462 7 50
463 10 35
464 9 39
465 16 22
466 11 32
467 16 22
468 8 44
469 8 44
470 11 32
471 17 21
472 7 51
473 17 21
474 17 21
475 17 21
476 15 24
477 9 40
478 18 20
479 9 40
480 15 24
481 18 20
482 18 20
483 9 40
484 8 45
485 18 20
486 18 20
487 12 30
488 10 36
489 8 45
490 15 24
491 12 30
492 15 24
493 13 28
494 13 28
495 14 26
496 13 28
497 14 26
498 14 26
499 6 61
500 8 46
501 8 46
502 10 37
503 12 31
504 17 22
505 11 34
506 11 34
507 17 22
508 17 22
509 11 34
510 17 22
511 15 25
512 8 47
513 8 47
514 13 29
515 13 29
516 13 29
517 13 29
518 13 29
519 13 29
520 7 54
521 7 54
522 14 27
523 14 27
524 9 42
525 7 54
526 19 20
527 19 20
528 19 20
529 12 32
530 12 32
531 8 48
532 8 48
533 11 35
534 7 55
535 9 43
536 4 97
537 15 26
538 15 26
539 15 26
540 13 30
541 15 26
542 15 26
543 17 23
544 8 49
545 14 28
546 14 28
547 14 28
548 8 49
549 8 49
550 18 22
551 18 22
552 12 33
553 18 22
554 12 33
555 12 33
556 9 44
557 19 21
558 19 21
559 7 57
560 16 25
561 10 40
562 8 50
563 20 20
564 16 25
565 20 20
566 20 20
567 8 50
568 13 31
569 13 31
570 13 31
571 9 45
572 15 27
573 14 29
574 14 29
575 11 37
576 11 37
577 11 37
578 11 37
579 12 34
580 8 51
581 10 41
582 10 41
583 9 46
584 12 35
585 15 28
586 20 21
587 10 42
588 9 47
589 8 53
590 17 25
591 17 25
592 10 43
593 12 36
594 16 27
595 18 24
596 16 27
597 12 36
598 9 48
599 18 24
600 18 24
601 9 48
602 9 48
603 12 36
604 18 24
605 14 31
606 14 31
607 15 29
608 19 23
609 19 23
610 19 23
611 19 23
612 11 40
613 11 40
614 20 22
615 11 40
616 9 49
617 13 34
618 13 34
619 17 26
620 17 26
621 17 26
622 12 37
623 16 28
624 10 45
625 15 30
626 10 45
627 18 25
628 18 25
629 15 30
630 9 50
631 10 45
632 10 45
633 9 50
634 11 41
635 11 41
636 13 35
637 13 35
638 13 35
639 13 35
640 19 24
641 8 57
642 19 24
643 12 38
644 19 24
645 9 51
646 9 51
647 17 27
648 20 23
649 20 23
650 20 23
651 20 23
652 11 42
653 21 22
654 21 22
655 11 42
656 11 42
657 21 22
658 16 29
659 8 58
660 15 31
661 15 31
662 13 36
663 13 36
664 18 26
665 18 26
666 13 36
667 10 47
668 19 25
669 19 25
670 19 25
671 17 28
672 17 28
673 17 28
674 14 34
675 12 40
676 20 24
677 10 48
678 20 24
679 12 40
680 20 24
681 20 24
682 10 48
683 10 48
684 20 24
685 16 30
686 21 23
687 22 22
688 18 27
689 14 35
690 14 35
691 12 41
692 12 41
693 17 29
694 17 29
695 17 29
696 19 26
697 19 26
698 13 38
699 11 45
700 11 45
701 15 33
702 16 31
703 16 31
704 16 31
705 16 31
706 20 25
707 20 25
708 20 25
709 20 25
710 18 28
711 21 24
712 21 24
713 21 24
714 21 24
715 21 24
716 21 24
717 21 24
718 11 46
719 22 23
720 22 23
721 22 23
722 17 30
723 15 34
724 15 34
725 17 30
726 10 51
727 19 27
728 9 57
729 9 57
730 12 43
731 12 43
732 12 43
733 14 37
734 13 40
735 13 40
736 13 40
737 13 40
738 13 40
739 20 26
740 10 52
741 20 26
742 20 26
743 13 40
744 18 29
745 18 29
746 18 29
747 21 25
748 21 25
749 15 35
750 11 48
751 22 24
752 11 48
753 22 24
754 22 24
755 12 44
756 22 24
757 16 33
758 11 48
759 23 23
760 10 53
761 14 38
762 13 41
763 13 41
764 11 49
765 12 45
766 18 30
767 15 36
768 12 45
769 20 27
770 20 27
771 10 54
772 12 45
773 20 27
774 17 32
775 17 32
776 13 42
777 21 26
778 13 42
779 13 42
780 21 26
781 21 26
782 11 50
783 11 50
784 19 29
785 12 46
786 23 24
787 23 24
788 12 46
789 12 46
790 15 37
791 15 37
792 15 37
793 18 31
794 18 31
795 13 43
796 20 28
797 14 40
798 20 28
799 20 28
800 10 56
801 20 28
802 10 56
803 20 28
804 20 28
805 14 40
806 17 33
807 17 33
808 12 47
809 21 27
810 21 27
811 21 27
812 15 38
813 15 38
814 15 38
815 13 44
816 22 26
817 13 44
818 11 52
819 22 26
820 22 26
821 22 26
822 22 26
823 14 41
824 23 25
825 23 25
826 12 48
827 12 48
828 16 36
829 16 36
830 16 36
831 17 34
832 17 34
833 13 45
834 13 45
835 21 28
836 12 49
837 19 31
838 19 31
839 19 31
840 16 37
841 16 37
842 22 27
843 22 27
844 22 27
845 17 35
846 23 26
847 23 26
848 20 30
849 15 40
850 20 30
851 20 30
852 12 50
853 12 50
854 14 43
855 11 55
856 19 32
857 19 32
858 16 38
859 16 38
860 19 32
861 19 32
862 21 29
863 21 29
864 21 29
865 13 47
866 13 47
867 13 47
868 13 47
869 12 51
870 18 34
871 9 68
872 15 41
873 14 44
874 22 28
875 22 28
876 14 44
877 14 44
878 22 28
879 10 62
880 20 31
881 23 27
882 23 27
883 23 27
884 23 27
885 23 27
886 24 26
887 24 26
888 19 33
889 19 33
890 17 37
891 17 37
892 15 42
893 14 45
894 18 35
895 14 45
896 21 30
897 18 35
898 14 45
899 14 45
900 18 35
901 13 49
902 22 29
903 22 29
904 16 40
905 16 40
906 14 46
907 14 46
908 14 46
909 19 34
910 18 36
911 9 72
912 18 36
913 25 26
914 25 26
915 25 26
916 13 50
917 13 50
918 25 26
919 13 50
920 21 31
921 16 41
922 14 47
923 14 47
924 14 47
925 22 30
926 22 30
927 22 30
928 20 33
929 20 33
930 15 44
931 12 55
932 12 55
933 17 39
934 17 39
935 17 39
936 19 35
937 18 37
938 18 37
939 23 29
940 23 29
941 23 29
942 24 28
943 21 32
944 24 28
945 21 32
946 14 48
947 15 45
948 15 45
949 26 26
950 13 52
951 7 97
952 10 68
953 20 34
954 20 34
955 22 31
956 12 57
957 12 57
958 14 49
959 14 49
960 14 49
961 16 43
962 16 43
963 13 53
964 23 30
965 15 46
966 21 33
967 11 63
968 21 33
969 21 33
970 24 29
971 24 29
972 24 29
973 17 41
974 17 41
975 14 50
976 20 35
977 20 35
978 25 28
979 25 28
980 20 35
981 20 35
982 14 50
983 18 39
984 18 39
985 26 27
986 13 54
987 23 31
988 14 51
989 21 34
990 17 42
991 21 34
992 16 45
993 16 45
994 18 40
995 18 40
996 24 30
997 18 40
998 16 45
999 16 45
1000 19 38
1001 19 38
1002 25 29
1003 25 29
1004 25 29
1005 25 29
1006 25 29
1007 26 28
1008 14 52
1009 26 28
1010 27 27
1011 17 43
1012 21 35
1013 15 49
1014 21 35
1015 15 49
1016 15 49
1017 21 35
1018 23 32
1019 23 32
1020 23 32
1021 18 41
1022 13 57
1023 14 53
1024 12 62
1025 17 44
1026 17 44
1027 22 34
1028 17 44
1029 17 44
1030 17 44
1031 22 34
1032 15 50
1033 15 50
1034 15 50
1035 25 30
1036 15 50
1037 26 29
1038 26 29
1039 26 29
1040 18 42
1041 27 28
1042 21 36
1043 21 36
1044 21 36
1045 14 54
1046 27 28
1047 18 42
1048 18 42
1049 23 33
1050 17 45
1051 15 51
1052 15 51
1053 15 51
1054 17 45
1055 15 51
1056 16 48
1057 22 35
1058 22 35
1059 18 43
1060 25 31
1061 25 31
1062 8 97
1063 8 97
1064 21 37
1065 19 41
1066 15 52
1067 26 30
1068 15 52
1069 26 30
1070 26 30
1071 26 30
1072 13 60
1073 17 46
1074 23 34
1075 27 29
1076 27 29
1077 14 56
1078 16 49
1079 24 33
1080 24 33
1081 24 33
1082 22 36
1083 24 33
1084 22 36
1085 18 44
1086 15 53
1087 15 53
1088 21 38
1089 21 38
1090 17 47
1091 17 47
1092 17 47
1093 17 47
1094 25 32
1095 20 40
1096 25 32
1097 16 50
1098 25 32
1099 20 40
1100 16 50
1101 23 35
1102 23 35
1103 18 45
1104 18 45
1105 18 45
1106 18 45
1107 28 29
1108 22 37
1109 24 34
1110 16 51
1111 24 34
1112 17 48
1113 16 51
1114 16 51
1115 19 43
1116 19 43
1117 19 43
1118 20 41
1119 25 33
1120 15 55
1121 25 33
1122 14 59
1123 23 36
1124 23 36
1125 16 52
1126 16 52
1127 16 52
1128 26 32
1129 17 49
1130 17 49
1131 17 49
1132 22 38
1133 19 44
1134 22 38
1135 19 44
1136 19 44
1137 22 38
1138 27 31
1139 15 56
1140 21 40
1141 24 35
1142 28 30
1143 21 40
1144 24 35
1145 21 40
1146 20 42
1147 21 40
1148 24 35
1149 21 40
1150 20 42
1151 24 35
1152 29 29
1153 29 29
1154 13 65
1155 18 47
1156 15 57
1157 19 45
1158 15 57
1159 13 66
1160 10 86
1161 20 43
1162 20 43
1163 21 41
1164 18 48
1165 24 36
1166 18 48
1167 24 36
1168 18 48
1169 24 36
1170 28 31
1171 14 62
1172 14 62
1173 15 58
1174 29 30
1175 9 97
1176 19 46
1177 23 38
1178 25 35
1179 20 44
1180 16 55
1181 16 55
1182 14 63
1183 18 49
1184 13 68
1185 26 34
1186 24 37
1187 24 37
1188 24 37
1189 24 37
1190 19 47
1191 16 56
1192 16 56
1193 23 39
1194 13 69
1195 29 31
1196 29 31
1197 29 31
1198 18 50
1199 15 60
1200 20 45
1201 25 36
1202 20 45
1203 17 53
1204 17 53
1205 21 43
1206 26 35
1207 26 35
1208 19 48
1209 15 61
1210 17 54
1211 17 54
1212 28 33
1213 21 44
1214 28 33
1215 25 37
1216 30 31
1217 19 49
1218 19 49
1219 26 36
1220 26 36
1221 18 52
1222 26 36
1223 23 41
1224 23 41
1225 16 59
1226 19 50
1227 25 38
1228 24 40
1229 24 40
1230 26 37
1231 21 46
1232 23 42
1233 23 42
1234 23 42
1235 17 57
1236 15 65
1237 16 61
1238 28 35
1239 24 41
1240 24 41
1241 29 34
1242 21 47
1243 26 38
1244 19 52
1245 26 38
1246 30 33
1247 22 45
1248 18 55
1249 30 33
1250 16 62
1251 16 62
1252 27 37
1253 15 67
1254 21 48
1255 21 48
1256 28 36
1257 23 44
1258 23 44
1259 26 39
1260 15 68
1261 30 34
1262 20 51
1263 30 34
1264 20 51
1265 25 41
1266 21 49
1267 24 43
1268 24 43
1269 22 47
1270 28 37
1271 17 61
1272 20 52
1273 20 52
1274 26 40
1275 20 52
1276 20 52
1277 29 36
1278 30 35
1279 30 35
1280 27 39
1281 31 34
1282 31 34
1283 32 33
1284 22 48
1285 24 44
1286 23 46
1287 23 46
1288 20 53
1289 26 41
1290 11 97
1291 25 43
1292 22 49
1293 22 49
1294 20 54
1295 24 45
1296 30 36
1297 30 36
1298 18 60
1299 16 68
1300 21 52
1301 25 44
1302 22 50
1303 20 55
1304 29 38
1305 24 46
1306 14 79
1307 21 53
1308 31 36
1309 31 36
1310 18 62
1311 13 86
1312 26 43
1313 28 40
1314 20 56
1315 25 45
1316 24 47
1317 20 57
1318 20 57
1319 22 52
1320 31 37
1321 23 50
1322 32 36
1323 32 36
1324 32 36
1325 17 68
1326 17 68
1327 12 97
1328 22 53
1329 22 53
1330 23 51
1331 24 49
1332 24 49
1333 24 49
1334 32 37
1335 22 54
1336 27 44
1337 27 44
1338 27 44
1339 34 35
1340 23 52
1341 25 48
1342 28 43
1343 28 43
1344 28 43
1345 31 39
1346 22 55
1347 23 53
1348 33 37
1349 26 47
1350 18 68
1351 35 35
1352 30 41
1353 30 41
1354 28 44
1355 21 59
1356 20 62
1357 31 40
1358 31 40
1359 26 48
1360 26 48
1361 24 52
1362 25 50
1363 25 50
1364 25 50
1365 34 37
1366 28 45
1367 35 36
1368 13 97
1369 22 58
1370 18 71
1371 32 40
1372 21 61
1373 23 56
1374 26 50
1375 21 62
1376 24 55
1377 27 49
1378 27 49
1379 25 53
1380 26 51
1381 31 43
1382 29 46
1383 28 48
1384 28 48
1385 25 54
1386 26 52
1387 33 41
1388 14 97
1389 20 68
1390 29 47
1391 29 47
1392 35 39
1393 26 53
1394 30 46
1395 23 60
1396 33 42
1397 33 42
1398 33 42
1399 21 66
1400 23 61
1401 32 44
1402 32 44
1403 31 46
1404 21 68
1405 28 51
1406 21 69
1407 15 97
1408 26 56
1409 28 52
1410 24 61
1411 26 57
1412 25 60
1413 25 60
1414 32 47
1415 27 56
1416 27 56
1417 37 41
1418 38 40
1419 26 59
1420 27 57
1421 20 77
1422 18 86
1423 36 43
1424 25 62
1425 31 50
1426 33 47
1427 33 47
1428 26 60
1429 23 68
1430 32 49
1431 35 45
1432 31 51
1433 31 51
1434 26 61
1435 30 53
1436 30 53
1437 37 43
1438 29 55
1439 28 57
1440 28 57
1441 33 49
1442 28 58
1443 29 56
1444 29 56
1445 37 44
1446 34 48
1447 31 53
1448 29 57
1449 24 69
1450 32 52
1451 38 44
1452 29 58
1453 34 50
1454 37 46
1455 40 43
1456 34 51
1457 37 47
1458 38 46
1459 38 46
1460 33 53
1461 35 50
1462 31 57
1463 31 57
1464 37 48
1465 40 45
1466 35 52
1467 38 48
1468 38 48
1469 36 51
1470 27 68
1471 34 54
1472 42 44
1473 42 45
1474 33 60
1475 30 66
1476 45 45
1477 43 48
1478 41 52
1479 35 61
1480 46 47
1481 41 53
1482 39 56
1483 36 61
1484 35 63
1485 42 56
1486 40 59
1487 35 68
1488 40 61
1489 40 61
1490 41 61
1491 50 54
1492 44 68
1493 41 74
1494 54 58
1495 52 69
1496 51 71
1497 64 73