361.13310681656804 424.1550499759833
111.60536907441137 368.2356070820062
424.0667744667676 404.536653374835
392.19218196852705 352.979721943807
116.33044669536979 301.0093645249902
369.88376506866484 414.98844377795234
391.95198209616586 394.92090462838536
221.414568501674 100.97481395170915
349.0696974941134 170.12525825899593
107.6568810537944 381.747064503262
46.37292169007395 48.358188416732006
190.55890470503365 221.06924099115702
395.94248796718426 362.48261628532094
111.82002971176873 143.97674221106394
411.8519752364246 436.1706900310777
369.228859025666 356.9555148823741
372.78982756515467 378.93879636021074
427.6588605075735 433.2418333776348
141.6960404665138 195.35266663966001
124.39811457341273 153.29060503412822
376.69778220491133 443.6654587712494
357.14025095785485 413.497828819706
422.91267979503493 366.34024937619284
140.4921740176417 238.80867694318266
405.69497437746463 418.46142509898743
114.52403598205218 16.05012195201888
160.17471805334935 109.92829078173209
437.6367626472669 381.46778807984776
399.9231259492277 438.46831538867025
395.88518525873985 376.4880166498052
372.4944910458033 269.4886448336452
408.45859902235406 439.78228836024766
154.29946655704163 249.59886669837414
254.76314683823225 45.45470608689695
430.5514548333329 76.42065967413053
396.0396821814821 211.079983399842
192.38365583725005 297.9442141805641
179.36715176487056 245.66175664204272
340.1417051282593 57.27587149184332
425.08777995916097 426.85987326574457
116.73282603938146 165.21478760036575
100.48679741525939 208.3138091964866
376.3389050751091 400.05861130502984
253.8408373021626 53.20541139885249
379.84447914486327 413.8949494866005
369.8911101764733 387.3913852591148
269.6895150598129 389.31323931527913
441.84934943957023 409.8944584460229
102.92151135787485 239.36479243969256
135.91784655070882 136.13073886708497
444.6949445297994 358.56534520678787
222.40348801301326 246.69767405160013
426.58344293069877 362.8391464499763
242.02730195574864 124.76904384611915
437.24330410852576 392.3137940200887
464.45674650108845 377.63259831790276
370.1151063389696 381.1716291300895
414.98780576394535 393.8100083914504
395.14861413911296 374.7905613666008
169.04278107372767 294.15435922861667
294.2200572051755 3.5954194925467697
413.1102957270099 372.89417838111547
429.81770012687326 35.42867494432672
139.2386319822735 242.70724957524536
363.2311848725025 443.5514240580671
407.62116497209 374.29972423957247
221.1245496649965 128.56148715428165
329.4913747573315 177.1487832947769
170.05370020550123 209.3613774189776
415.34554882657915 414.6179751294984
201.31064105113438 169.65130269748158
124.32816696014282 95.10445422040576
121.02734456421618 127.52320536808499
137.47096718231506 238.4898398914019
221.20333670975538 228.3950338702559
25.29416476244062 499.6412342063633
484.4981286423756 463.1834915040638
83.15555530195701 242.82056272535922
432.32519701510773 451.2214327552743
189.48655948845806 492.654421889863
238.9777110339 217.7694035191182
163.45112289852443 243.59764612895097
416.1871311950745 398.66714116543295
148.3539127472821 484.3546824845794
423.57371787890435 356.09575714765157
108.57479093612247 187.62663916884568
441.9387130832075 403.1126135270541
480.3894516372252 40.05573262029344
34.26066635189618 33.98043168787862
201.88777565913873 470.7980636145447
374.6215347788625 409.45191535334413
358.19834054948757 415.7373164472523
402.2782715531959 443.4706257736427
334.8629873849146 157.09193139778804
159.36787701868818 200.7535334439957
168.5836858855678 239.35274975582712
4.657728442123199 310.5796277465464
449.60964478550943 357.3260721099633
252.94234702438268 66.22828518323365
232.12962605296593 231.89053637268142
