361.13310681656804 424.1550499759833
111.60536907441137 368.2356070820062
424.0667744667676 404.536653374835
392.19218196852705 352.979721943807
116.33044669536979 301.0093645249902
369.88376506866484 414.98844377795234
391.95198209616586 394.92090462838536
221.414568501674 100.97481395170915
349.0696974941134 170.12525825899593
107.6568810537944 381.747064503262
46.37292169007395 48.358188416732006
190.55890470503365 221.06924099115702
395.94248796718426 362.48261628532094
111.82002971176873 143.97674221106394
411.8519752364246 436.1706900310777
369.228859025666 356.9555148823741
372.78982756515467 378.93879636021074
427.6588605075735 433.2418333776348
141.6960404665138 195.35266663966001
124.39811457341273 153.29060503412822
376.69778220491133 443.6654587712494
357.14025095785485 413.497828819706
422.91267979503493 366.34024937619284
140.4921740176417 238.80867694318266
405.69497437746463 418.46142509898743
114.52403598205218 16.05012195201888
160.17471805334935 109.92829078173209
437.6367626472669 381.46778807984776
399.9231259492277 438.46831538867025
395.88518525873985 376.4880166498052
372.4944910458033 269.4886448336452
408.45859902235406 439.78228836024766
154.29946655704163 249.59886669837414
254.76314683823225 45.45470608689695
430.5514548333329 76.42065967413053
396.0396821814821 211.079983399842
192.38365583725005 297.9442141805641
179.36715176487056 245.66175664204272
340.1417051282593 57.27587149184332
425.08777995916097 426.85987326574457
116.73282603938146 165.21478760036575
100.48679741525939 208.3138091964866
376.3389050751091 400.05861130502984
253.8408373021626 53.20541139885249
379.84447914486327 413.8949494866005
369.8911101764733 387.3913852591148
269.6895150598129 389.31323931527913
441.84934943957023 409.8944584460229
102.92151135787485 239.36479243969256
135.91784655070882 136.13073886708497
444.6949445297994 358.56534520678787
222.40348801301326 246.69767405160013
426.58344293069877 362.8391464499763
242.02730195574864 124.76904384611915
437.24330410852576 392.3137940200887
464.45674650108845 377.63259831790276
370.1151063389696 381.1716291300895
414.98780576394535 393.8100083914504
395.14861413911296 374.7905613666008
169.04278107372767 294.15435922861667
294.2200572051755 3.5954194925467697
413.1102957270099 372.89417838111547
429.81770012687326 35.42867494432672
139.2386319822735 242.70724957524536
363.2311848725025 443.5514240580671
407.62116497209 374.29972423957247
221.1245496649965 128.56148715428165
329.4913747573315 177.1487832947769
170.05370020550123 209.3613774189776
415.34554882657915 414.6179751294984
201.31064105113438 169.65130269748158
124.32816696014282 95.10445422040576
121.02734456421618 127.52320536808499
137.47096718231506 238.4898398914019
221.20333670975538 228.3950338702559
25.29416476244062 499.6412342063633
484.4981286423756 463.1834915040638
83.15555530195701 242.82056272535922
432.32519701510773 451.2214327552743
189.48655948845806 492.654421889863
238.9777110339 217.7694035191182
163.45112289852443 243.59764612895097
416.1871311950745 398.66714116543295
148.3539127472821 484.3546824845794
423.57371787890435 356.09575714765157
108.57479093612247 187.62663916884568
441.9387130832075 403.1126135270541
480.3894516372252 40.05573262029344
34.26066635189618 33.98043168787862
201.88777565913873 470.7980636145447
374.6215347788625 409.45191535334413
358.19834054948757 415.7373164472523
402.2782715531959 443.4706257736427
334.8629873849146 157.09193139778804
159.36787701868818 200.7535334439957
168.5836858855678 239.35274975582712
4.657728442123199 310.5796277465464
449.60964478550943 357.3260721099633
252.94234702438268 66.22828518323365
232.12962605296593 231.89053637268142
142.74810868249853 165.72768595115647
420.35399250873706 411.167776572595
402.894069260227 416.78632037125834
379.9378752199978 416.33887149660774
132.23296074356384 444.8563535028546
405.3223640884816 377.23482123148165
371.0629654806943 384.2880287793259
413.423795888508 376.3983901630409
137.6681878104841 236.2238569327858
46.14923385636671 211.78788628186317
106.6130142698575 150.03348079076324
318.5566886506898 130.9776312171741
394.1835511860851 420.5667446759991
350.966969960834 357.5243860073767
440.3928571559893 404.55902892055224
187.3764349734691 122.21406783512239
20.91442908442892 182.32575766362802
449.4623182632373 105.03826916987703
333.4667053177715 176.8393173073092
438.41347014510086 390.63773898321165
424.9477611143539 442.57638225695564
432.302848109982 488.10301646548146
440.7081023316622 12.393180949094361
442.44872952415454 428.2386496147632
220.33527084057084 229.6096042562919
133.40285479723602 393.6872545677356
191.27086129846717 19.362303832893225
133.36505763184965 222.48799083953935
152.4487636668878 223.0804571457343
111.46177360290449 330.0165913743145
149.239292679656 229.65294130454296
152.67191936241284 176.41085132920563
448.11496871982604 403.6215732478722
57.670875925713794 485.200305511114
290.2948668693539 491.7752864415436
54.201273607355546 217.28187928232217
428.6428178203682 393.6393883870608
361.564578402933 439.95047329112
127.36125306929097 354.3926419170853
259.9601742832927 403.2554348500519
421.9429999144845 424.19500778394763
369.70351291017346 393.12973996249866
442.07708562180403 412.3155409946409
434.80152795063356 421.97542630139503
176.06837560529038 200.03393561585943
160.3600580586587 144.34828037889204
95.92004649507373 332.46471710638576
201.59769179090995 235.4208318598874
406.9105254865809 390.60751687581626
151.9374746341769 105.09134244132096
410.66615704797624 382.2249229736538
166.32396989572112 132.05521014836503
219.0603098659003 243.97480055245543
366.96913961980545 358.47955367251217
416.38538363049986 411.9260805362376
409.2117322683321 375.56906877036613
381.04194642949153 430.6562894576266
12.212693863413172 122.42127203917508
191.69109595910203 215.27340085002953
162.1661516496579 194.46480711065706
359.1729577494943 191.98923369637566
136.59766593676582 198.40870166676763
446.32991310568326 430.22028271126067
389.21020338366253 109.42056840615972
401.79577504437407 355.0218385140641
458.7350072277201 60.6792995946922
400.7083008611322 333.78886629317657
409.545231846942 445.0039608443156
191.89784841426444 207.89109419139507
392.67407568586555 440.68547304561133
234.58121548498931 211.54831632393774
167.5104635870362 212.76651797507674
377.73113531307405 427.7674835333972
194.0122655472672 141.18961703763074
356.7724313055282 117.24678900731766
147.95643526281435 181.02283337776845
75.4153290065433 191.5176462156691
353.2095708472761 32.11442535693904
149.63220865571253 169.8886455026726
103.41719475720512 210.07175888671281
444.60620335901007 351.9531956737727
388.0381028927712 350.5896083583993
144.7918978558575 158.49799720955784
180.73308514153473 210.19510911345367
439.78113473991954 398.82294775502504
165.3753964069955 104.35372299200729
200.3310430934376 219.72134866302832
366.5044731203509 396.739014923231
490.3609887594616 267.06181476625216
188.78391634418665 199.4499635254242
321.37482400466786 67.84974361528212
127.25935397701483 139.0234470878957
131.74904263172223 149.02687073219627
141.7384923458209 242.68061797908427
137.8407297673571 112.28593491424638
374.51213054142534 26.04280412162774
133.63332485796224 110.2927555679154
354.02581375407664 353.1029998880712
99.68034118126646 10.190008660166171
119.27247094445292 236.78053047306403
281.98479096500955 108.98227045325181
375.6243696562187 386.88951743229416
410.7247493890932 424.7925651955286
388.8959430877163 81.88290508359958
116.21481244864098 103.85176382461991
186.3695092618621 236.2039226571167
159.4981662274941 207.25220575742026
296.0489306249261 415.2858168901592
50.950652722988266 386.240442475612
410.0411614816844 362.1055065067315
428.26353463610195 384.7203765308449
199.2282011031034 110.34351047794608
384.1231174861283 434.95756269995775
115.83083059659978 244.1181350821868
439.1575014805103 395.97393476017464
217.74357250383852 366.8976520066959
377.00823963874006 430.81992188067557
427.46414503715744 396.4873771634508
409.2474619063702 382.23045829811184
415.3655094453017 43.3314490278372
136.5795158786434 169.70626999048477
416.81884704454933 383.6396619891375
227.64292544686887 127.27597857365377
177.41248308804762 129.17620442933904
232.04799696373382 205.17756254983024
183.36865418793758 177.49408775724012
42.80648097901063 360.03733205209716
183.27643173727913 136.04859041863233
196.88543496114283 173.62320026178793
46.52667527733584 110.79820023626507
374.33051638767574 416.3960021596816
170.9890733139287 179.63828967186515
249.4947195938998 182.5582709135018
205.42824132786535 140.63746404642944
134.58070619477616 208.19264969891043
117.93321118825793 180.37959480756246
368.5149842437662 371.6384639878606
141.4749440453034 188.43803589411863
409.67907405123015 448.05106304625133
148.12323163257224 180.44053457469323
102.12225508840957 180.1202633901495
106.82735514748275 108.17890303584817
204.61260893652917 118.94192394376134
115.3881470181641 101.83981050632619
170.40954173957653 166.07031972040153
482.74882156914737 126.2391952464863
117.11307110873868 109.80151526708987
111.11232553834597 194.41685604279974
75.86350347547821 405.5710381375238
112.77713625943451 137.2286432815174
426.4443445326194 410.6317651242963
372.56871370650344 402.2572535130218
236.27565664357058 144.6029698776081
449.00312604667977 380.53802443193604
356.0230304372541 446.0108777434299
473.795100162689 103.89395291177567
132.32306264500372 40.593732733492146
86.90677416321724 37.53243445058396
204.25878633001332 344.6855678923845
143.68889335465414 134.72143518340388
378.27183731122875 435.96067313405223
343.69246003562137 461.95552224127437
408.97895892052577 430.3905680281434
212.56948305210582 272.2811893552893
364.8989401075329 376.563247164064
35.704918427907074 82.96139461036233
189.25660559791072 223.6360451980014
165.8730173010606 170.30469554142428
204.96005274635758 241.4014361116061
403.9981562598014 393.7758863571598
353.98607841836133 393.20286641607726
190.5570461418866 103.87973385825032
480.95555109641833 417.97930695309066
408.71229317097834 352.0745456215534
432.14212452583837 407.62469846027466
235.25041162581678 325.75474471684316
127.22337208346889 187.79944379167816
431.4244944540603 446.90552360657034
152.19415844419757 149.9962590497638
360.45998845825574 366.0824852658836
204.05105109751486 143.23266930421835
222.0349052106959 182.51449134576745
113.20896891636829 137.85982764133115
485.09236340428856 202.08752850037283
432.4927203268701 350.1151067448112
396.19763449821437 355.42040853767287
386.1779359151675 425.6443154055574
394.20409557222615 355.1611775186347
182.38294586279974 239.15091412666715
232.12699260367083 172.70676954249973
486.5734079108472 304.43583354098246
354.8914125501296 155.37506919666754
276.1257045268665 46.60460064076128
230.72394708939171 58.73307454477877
249.18775235359763 358.3016629958955
420.5411629925854 391.5490342935353
247.0366948905063 136.55963591127076
364.46419684856085 369.0610370947928
400.82408915928943 437.9326255146476
138.12370141102048 395.00309100155675
150.98128646714434 218.15761086464414
223.08242097783676 142.425847492424
225.6213883909632 186.98850758251064
398.9640346655701 364.8595418382789
398.434138555172 383.24399557107495
387.7210054213886 443.2852255715261
490.3873156662972 119.40277208312466
135.03436690868398 216.33167126488883
159.08816361689992 236.48812512020717
157.91181287364736 199.5533244226802
448.0818138659785 399.53286496164236
63.123134904694346 482.67679508842684
230.4550470043323 231.12855610814626
114.95675466129676 236.56625165447005
361.2219137853213 204.9893098731822
446.9956794041106 357.4828248243709
150.78418510771476 203.9056897880323
358.0315320579449 382.8565588983456
435.93421841682664 388.0009397522655
194.01987685119815 233.1158024363985
230.85745260978044 105.38486497565299
117.38512155101077 342.19978720295836
249.6138884434323 212.01495501068905
246.75065923308185 214.0554539491398
437.25792326070905 394.36785516617056
379.9466080244065 352.8947249397568
219.42151977433178 144.00516639478133
164.60301817831 136.62961482759528
184.8892092873905 218.877921082143
87.53467753145227 304.7458934442684
192.9565552806123 136.12446877844695
364.31177201285095 396.1149913354998
168.93557487650963 200.02610758997213
235.18141353983245 201.64163285486194
36.93095014143649 472.617817467323
379.9154249123772 446.2029072823442
375.0098224407701 434.53039251425986
499.6867827500896 426.66772933009287
118.6028509637873 285.96134617536944
379.58723902157845 419.92790795507335
488.97224228843135 329.1149079643403
101.21469486422353 229.7601096545899
447.36028168279245 441.06169537187105
399.67272865238704 440.4155290893725
216.36114694050713 134.51775864556245
132.8506808392158 128.51979839156326
201.66466879350392 208.13925650060634
418.08550941820226 363.67792384940986
451.70185203648396 323.1703044452614
218.2915726015231 105.00467968684487
209.85396519088573 113.52000636193284
149.00786885710156 162.3254640128166
66.07989887339177 269.70387949221055
179.62785605541774 237.02304617225454
128.48504228163117 412.3449062712036
245.10761142502184 144.2712173758738
220.6348807906766 170.2497083279043
70.37850750294133 483.25010473137604
422.4216712075518 447.99422427819036
386.57750494055665 429.06819685889377
132.2292891762119 61.79436838174618
200.92425728106303 200.85111960265198
388.10254992724754 413.8549267800837
116.25191532988461 135.07328533173748
309.7734335222648 471.58456802892454
237.28838631147391 133.20508001109852
317.70196118896956 232.13376816134019
380.219017452925 390.8295855795413
22.673405506691058 18.606064112352495
117.41807210876642 135.22000486469938
363.5664048706337 395.36437568888925
444.93807684119054 419.6483991637633
391.91267534147227 424.22690147653157
442.7068919497897 327.46094874673196
192.34783210767347 240.8579598570483
104.90744302825703 155.5794938101653
166.70437896686252 135.41689573464936
114.90319369091955 202.8520398221928
440.1696212424655 414.4826809754028
199.06982137218654 94.90428108053977
474.5053941310688 412.0955409657857
331.384369030989 320.8522336166088
447.1093312064986 355.0578510662873
136.53533457460355 118.88858279620644
370.52055751428765 432.98178372171327
370.71573703466584 371.5951351918675
164.2797767161152 73.77708997072186
350.28355514800165 435.84061263801766
493.76365218308615 270.1077284315757
54.96317394471778 433.2239442534005
7.430163615354424 394.9923321173769
294.42646102522116 7.890541755580127
107.85985267917647 211.25770854312242
361.3649306786547 356.3558038147136
216.70255589713042 176.98569364137876
226.00270995437612 110.7748782091425
354.33650368991715 428.32269959803796
402.1451214713084 395.8042522097682
30.412703747252912 239.49095549918164
163.94104289199876 116.19427445188407
440.9700829115229 357.34907157664503
161.05590987316305 74.16691283018228
137.5079997789766 316.53836215050774
421.21527964263066 388.0904398818521
403.0556837431325 395.37154175754716
393.01993258236234 429.3096093101646
426.39636864778754 325.4583324406527
422.0839916657599 371.5023066327497
233.21365329827395 162.072035676537
159.809527638543 209.44187614517566
164.0146009391437 199.76617945904633
243.03887764286873 203.0231553200465
110.06999622049716 224.76578327122817
215.93825927587014 372.2944845959395
221.76539279160886 183.45561034230252
445.6624623846907 406.1683381569728
362.22312853545594 385.35980796337674
444.112986885223 392.2936855763883
355.1446079972376 378.7629407647327
152.74692785397235 186.68777775847823
77.36508792913071 241.09469810219431
175.05699711059557 278.1327380521634
381.30281596842485 287.05000216573137
226.7732741992537 246.18199031885624
411.3573280535465 414.2699163829831
304.49745777653266 328.9156139994442
376.74477251541106 368.04160719608547
426.2409517980998 442.1537521033173
100.9158684105488 230.4794059804657
415.7344634836795 356.9585421248336
413.3172012655514 353.0657098380906
403.04826886589296 387.61944057034884
151.1343972653999 155.5079638715506
382.4382892078427 444.1407423970055
358.49570399771795 355.2608826425522
377.21793956249275 24.88124621647858
136.05142177310947 330.9693464041306
191.0614011161523 162.1275606824087
377.47157183418534 56.90875405510087
116.63346583013958 201.73268394003014
398.6632753364251 416.713255873635
110.2592177512623 492.22282916055974
3.8435429499414364 150.7096810092184
383.674763654302 382.08044788062386
149.21835339067616 101.15948598539678
393.0655011353603 362.9185701759215
420.36712633826636 400.0262346556213
430.6200186566764 357.2075496592158
354.2302261562791 351.8741536585646
431.0550068060332 287.87958036841553
390.44228845052345 414.0141669047579
117.27600589956974 103.12848385371232
125.78097708671035 242.14214639901212
224.80388696075607 237.9654627612077
218.3558897841139 52.931566697792974
188.3306932454368 178.59438145009474
230.57866242931175 211.87072396969043
166.53431124656598 84.0663540228433
413.32246669681865 403.06048207726485
452.96136579002524 174.68763273619015
445.82233489971503 414.5442976169564
118.13442447336215 73.22210913884719
86.7495112210474 76.43489450296492
357.5353273579077 445.12921405795817
399.4117025017389 425.4445825246986
394.89052569950627 442.41542583856597
414.2991830671566 448.65319477358594
229.63703122471242 194.08261103496577
219.881408170932 234.46054176318665
380.2820435139013 377.4673667486159
175.97111131003828 37.09532808664384
167.78707955510234 108.53350762509285
111.50965017601825 229.63750508878587
307.5041942077868 253.53390866697757
187.04941111167858 243.13472150841852
439.5876765556803 394.9733703650906
415.183745464861 382.1526762880428
175.20509528092413 243.65835382998773
115.52528159055875 234.86902509336602
247.3578371640096 112.64936980368458
367.2558911436365 374.7743723598284
248.64790339703313 178.61028297552616
365.8746207981541 387.2851982101327
158.11248392846738 216.16971828606032
409.78858623829893 428.92269315636645
383.46493472599377 382.96907551177287
417.8379344840081 378.4146973878114
435.1566259984404 446.441002865391
437.3279662060539 383.3362036060557
416.3612106006059 441.674645505712
245.1544761539117 204.77199442178215
119.34274874073402 206.3251021556581
154.79094370798046 188.33965302815008
221.97771757222014 200.51745999920837
449.716411296587 441.24479854583245
323.01241036674395 211.70318316105187
102.7345806687299 146.32991050958213
170.86617256577406 383.0781038339098
113.27152326694362 68.78267658853964
147.8960508273109 394.0600868357001
427.0874720363101 433.51198266345557
353.77474923575613 383.67643719642814
363.1049041429508 387.6719870822525
90.4229835843483 346.42282043061334
430.9043719639301 366.5539165744059
106.55386419317715 154.64491211961536
373.7530201446925 394.41987098052755
212.8586747667229 217.57005391522642
267.00557484913054 154.73394828139482
235.59615072061874 129.10242643338546
444.7130170244123 448.4439793531577
215.4157827963364 216.7186055874889
402.74597884614826 446.62681532059474
400.6296120757738 69.19926730171561
107.82697048915068 172.08859831927376
183.1811118136647 115.3884597622614
435.11660480847786 378.50630140593285
136.3956497956783 452.6531044891206
415.5233593190929 45.85678482954669
408.35162792775026 442.3148868590037
207.4484529095027 198.2269827351239
135.3667110795149 249.17880268574368
133.68081379106738 147.8027313174597
419.5881438058028 324.9803421470908
68.79979386293583 143.43969865663408
204.41079828639755 120.81890377272794
396.91101271554936 411.5348257163548
9.50194245548519 107.8273722341772
274.4021227219177 363.6173926624659
392.32547589479896 427.61726326353966
150.57559729310998 23.87472330942564
195.84275982592155 193.42158525114536
55.4289476450075 452.5734428309993
403.6053784314061 413.19549420131426
374.1938134420993 364.357684024626
100.23465039000985 152.92240594390506
391.656759520854 416.4371301742009
261.74227883910567 180.30187885343773
404.40819599280337 428.64123358453173
405.41519524181956 389.0453732560064
106.53016377501649 158.03219822910364
138.04753916038192 102.43633466634215
172.40124658169563 366.4705107253208
360.36638674996897 408.190332155814
120.01143847890461 152.84485691712842
222.02632983341323 126.26336905775626
396.46228997470376 419.5389251996064
368.2277998413873 363.4852581196282
427.61903997034216 395.7679577447353
130.23864892550515 218.66638198435658
157.79791002486266 155.0379414684459
248.3684053444185 181.45460464812788
105.49311573053625 197.03507482011253
153.5461264053045 217.12623504676375
383.19246863813447 362.44750082443835
165.54270746874045 160.0032661966693
234.19562424325798 157.99671523910382
248.10161326851133 248.76169624681367
376.67206958021825 358.2611506634066
111.83905090832019 190.3679948245341
272.73719867231847 160.60571410729702
163.9599526707799 147.81997467017115
190.39324415958998 163.91741093245682
394.39083811010937 394.7129659670257
437.0037175056392 385.2559310308482
141.18330401122864 247.00409187914187
37.52058249407963 318.7562689416492
176.96290291968282 212.48469763928347
476.3946981398039 71.38973418127486
417.80888719954487 393.81728249400777
33.616681531054404 389.2576867534327
154.3225873815131 242.42006678198797
302.54741442739277 339.53102845669747
155.80200677060256 214.46267076978694
363.7695107828527 386.69499486538325
197.43411050590473 137.4417479640097
12.956670432071604 93.02402473629995
388.69873800392634 406.1672710759647
216.24467252972323 205.60567168102386
498.18255607738035 142.788438849079
130.02675114866804 120.35926265957909
226.02134262269868 449.33951539311516
249.58936060345627 221.57698275364478
200.1759685733452 206.43107302293822
404.2171361225562 439.1331682353889
355.90455200360634 463.66222836158886
367.40910097487 386.1492183124689
60.681227539228445 100.49018558884288
118.36809214343525 247.01096872346113
183.10321558893926 155.3366748251831
362.97712297137707 438.424644683462
154.64535876423108 499.79752196719346
397.8665109915254 391.0795120665167
223.5009099262586 111.06260693668585
196.3507884079572 167.4961743494494
401.736001181986 362.8334610745014
413.9793929366663 368.1963136552137
216.30914324098742 455.35613547344366
415.69540323377066 259.0510664620081
124.69856198351862 148.39911267318334
372.5470284715467 444.74831368096477
439.49259168211245 434.59337061558654
129.44528792246103 243.4527440564797
118.77554426903541 145.4236909163314
359.3428406883576 414.0987427298992
444.1606987868596 365.41942668795633
412.4479187433666 440.20008936907266
226.37950061700835 184.54270516469438
40.61142744668494 474.2734269851958
376.46559078330546 371.08083797019646
391.65867836632464 413.89911922088703
233.34953221734315 181.83662253209013
445.6650169954405 398.29448181754196
390.60925267445583 395.35441329551713
355.9913032934669 393.9605499920411
169.66632366630026 151.0288852527666
156.2912496234665 359.18144255621877
448.802336946709 384.5370560700999
119.61492273285796 155.58102970754368
360.61839336090975 374.1737860936467
133.7358372270912 123.95944126277281
25.302645900145137 472.6924463516095
391.81347433348765 446.26858522393366
406.73892321972477 466.8757676247024
381.2714920862273 426.31213751386287
249.39541166431252 170.0222676606026
174.60554095712635 113.50736425656766
175.81666945356574 245.0029945828713
291.6720559928383 24.329066464827964
174.23413052877646 232.35092145523015
417.25206037654493 378.57483814410176
423.58618269673394 215.46388467377025
209.1262095039088 214.57851462429844
106.7863591766897 107.67365310745124
369.46553018877194 405.32229266211516
193.17441248988925 225.17719032020906
377.9720677623982 448.90907006207226
411.1043141177379 362.8663390689215
196.95185636430358 397.4486141904729
183.6747757408193 154.8409559819458
99.52894077622499 254.56125811259105
354.0254906157429 353.891396624622
383.3040705352767 397.374415039519
122.34109968646672 233.96975381170108
163.98292381826312 306.534060532339
196.47729393324153 308.25024373575803
189.058698344648 176.0972479301945
403.23398298758764 420.8739806435438
171.23388999970499 102.49554332534724
201.0709588709525 246.9847046768743
380.76778337117645 439.8767104188533
412.9260480602437 409.6909615953194
245.06060442580764 217.4355987147132
407.76343958641826 422.14001122963066
398.0448783714414 402.42323326246833
411.9735805501089 434.11671249582645
410.8306455639261 121.09828007061225
444.82051707843016 360.98955213336967
220.51928309236646 209.390149084595
203.57503913777882 161.55661139840575
442.05209498972107 437.28177089123204
422.74020989409183 420.5775232151765
370.73417049712447 382.5049534426055
397.8370983343401 387.6824776185696
229.83176600979328 266.5635322866105
385.42869886448125 427.1989784148741
418.07458895691417 430.36525301137067
191.51148701181273 128.839625370507
139.50319796087834 149.24958059514697
215.67614036314652 205.73514052548757
420.49882597401967 381.7040745018448
184.07313853543292 240.1728083887011
377.3457536755423 362.1874105732715
404.31908769882784 439.5760461540226
222.75661901958435 243.1913295087192
145.22632599646778 143.81517080706996
357.90294360098505 442.40096318898804
375.6443975473482 397.90792630164833
413.97585175401684 135.56636099898788
419.61713006468227 363.72729548009227
424.0890976688493 373.9282065946296
334.91698244655197 265.5207448663996
373.28365598059526 360.0197959045331
207.60370843753654 115.08173571660218
2.590723203565015 275.1762828898083
203.45372577344173 467.51604929807576
171.61727806613447 129.91839620014025
148.175155317875 196.88468768354048
326.1493652095398 116.1100996105085
422.31176782424234 443.66693797506264
208.94249112250267 418.8024445466276
498.58590154425497 198.49728713914982
127.94674478837334 212.3504802161433
231.51147518768852 101.39007527201497
410.27829655058736 442.84548460170174
142.68424785250693 248.3649205133085
402.43185348355206 438.92599637699163
425.5298692889983 234.01038450314505
404.40693912150994 165.34204841589278
395.89144710323615 375.7264880229519
7.042097809232373 168.55608966487517
185.1671833631409 213.59241253863416
305.477249831507 319.36289704234434
224.04847379144644 177.29209884396937
200.41662331393306 47.69255289726404
238.72704924494647 467.9126935006942
130.39263853272192 117.76062640076695
243.1052233982369 145.2918759537422
407.28773475545324 376.1553150815393
203.91528856341083 109.31864977008041
232.6974954709647 79.85841261378157
400.25204712383896 439.5118369816254
426.9841047458186 419.02903774188144
441.6130385850635 379.50376001562466
372.08492399687213 445.7360536855227
122.97783470337689 212.16022557262846
387.36248419869366 420.1940726855654
213.6025784956489 220.29924876700466
380.92980998555356 340.17095995969896
437.31350584877333 358.1870306473275
179.225968610979 154.26773027863658
361.220879153727 432.8774053958425
370.2156778966648 403.6660158260557
164.05881887110323 260.1707705923935
340.14761896953536 358.458983090325
113.64124666775318 176.55630310492518
226.716150089891 256.6239216008208
184.586677764807 183.81957984981494
430.69153525543925 422.32800798250025
138.16858286014187 100.4523207386633
289.1556325295177 22.644901363914393
205.0577317145764 181.1745256119858
467.2913994424732 34.5095730801569
104.76023065346186 161.33004037288725
382.91384146185584 489.1666424620505
446.37825669375206 387.44609206382677
167.28056989940285 237.56726150225919
156.34683007029815 202.4095531152312
437.45537216909247 363.29898063356734
117.79497509279135 248.92701641163805
179.3263809316014 209.1787211359192
417.41080583435775 378.08970742946605
169.450585179217 207.8640962516278
179.7900412745138 223.50406560636765
230.31263927429814 77.56068660188365
468.70518056753343 362.51197295445917
16.108657454990517 330.0988429011427
426.60534675139036 438.3756621845374
120.33314707160598 33.64545144474768
353.35762757542807 409.77848967315526
437.2212417786392 374.47341512183925
201.13267540545314 117.16963924378082
377.1928543736422 388.03181073234987
251.94792447046726 144.63172567695943
407.6110335580287 407.7474814637882
431.8382489090153 373.6904034776721
492.8477803625629 260.62552713246174
145.07514306361293 109.14364556601433
437.9713890963883 441.15776656205446
417.87501232862513 405.58506659837127
486.1451176718429 470.79320491595587
388.11546324625954 402.4463059892762
391.6324633421445 364.92176078251634
127.5818468120874 180.68923965862263
424.67046613002026 150.3682093975739
364.43517491651784 396.3025159498611
281.19297479345454 483.89309427331335
402.99918140030854 388.8419048807461
130.50050995900816 197.00587773219172
227.07000788794176 113.86959947902955
432.94062852150324 355.1536629114014
201.05078809518676 190.43830674836138
94.08164696637766 380.848208768605
417.1450522235412 371.70165216877626
434.736925762269 166.48215540941064
105.90388602450402 95.01184881507434
361.73161994433343 449.9572007017812
237.16619451633824 204.34394285574726
370.4513142977894 441.5126459593556
382.1615008827402 378.305919752018
180.04751911243946 153.88893333273637
153.94669269712625 232.42179285430606
114.79123473482201 247.1977685269865
214.24434539645668 148.0349927183209
185.3524607156292 206.9650852893123
436.40848414694824 424.1252378716489
130.38705495488477 467.37912514817674
422.0011937749222 379.51922875077383
164.93264298892996 189.91988737057707
249.65074118466123 327.303983060511
383.7564284036508 426.336062566632
244.97624008755156 196.25416815980608
169.1243497672308 209.91583555375283
125.38985662902726 208.04702961431406
127.60716592919013 233.40467945725118
445.7236893912644 402.39444154040797
472.5940556004491 334.1077716965764
206.19611120779635 421.27235841267424
33.98397083271132 75.51482323237308
252.86645984653256 186.60034634340593
413.7728591760656 443.39037210980007
198.8926512984794 102.35976503038296
405.1643560911257 351.18509681278925
422.2192721625721 403.57381029239247
102.57138964036407 221.97358313708648
393.0573208676038 443.9711912794213
53.50821434724645 48.15694512570423
120.4844161567541 309.8904212059676
222.2821586069924 140.09871050149536
111.8528865721653 243.8946691222795
184.75032736719535 248.53495474595908
149.98732016996152 414.03103935669026
326.8678597795766 429.10957951059356
46.75025271355471 189.63201111990796
397.60051001318914 413.67480755556386
367.13835752210474 399.9858393112792
196.73608629149533 149.69059254883598
447.39560607134985 459.57610772010594
105.70852794227359 434.0584452908028
397.5500287645273 354.6561970741743
342.21437173182073 140.1865068797456
406.35098640479833 353.2901780153472
102.3487142787902 131.07371731143755
376.1272349234325 356.35569997467985
239.33124103799926 144.89153343712937
374.0472194304287 433.4650560091752
201.55524488150226 181.08436465084162
213.34138967813385 120.99258913527959
422.4163570094315 400.0792851637725
108.05446479210904 165.5632379265249
170.29637323755298 384.50282668272115
389.67030493089595 427.35549161313224
317.0614737023675 391.77406949023106
173.59051841661898 153.3716796558772
164.7771919359317 201.9542287132238
388.00727135367254 427.216740413469
219.70827607041198 206.96627990175784
133.9860154473072 189.99999654172788
365.427689060312 388.96219753971565
115.98263765668916 100.77928335550452
166.71037974944431 214.20197368014578
66.25350224709969 93.6958917639386
183.54775483318417 176.8661272615688
13.130952006648599 176.95714367262943
298.46227764354563 392.2193621264037
101.85109223259316 162.07151046521912
362.4219220173957 279.76827288123803
285.9802153747697 84.79146169616276
125.42526178677386 140.33784452952213
173.9685913316177 109.49007254154316
141.39428074036056 144.9628380882345
180.562456144764 472.1111478156971
412.5033687768895 409.38063980390785
228.9308164528473 67.74476284033804
474.41173119728256 166.10860765581347
387.98899561470483 436.2198310565514
150.21043356204353 222.32132050045047
447.4225376504607 363.61244715782647
190.48169025847193 204.2938443282822
147.12749217931622 244.6861934642191
143.71722273700797 204.24366515081653
245.1644628225408 217.29615544053647
156.40829534862206 222.47417731493698
154.75233060928562 239.81007288826686
296.11351712519274 272.81454272541106
426.7617907748365 352.69161086753354
396.16222228331486 420.83670512560633
219.65282815471053 224.69227130655418
409.48278400222927 397.82841799797717
200.94664785933108 120.87686840445106
136.30317515061984 198.7994452798477
392.31279551169035 387.6990818038323
248.6050921655452 171.88520496589393
180.15511018031756 238.524363100967
391.83006923172263 353.6765164067752
205.24514305833895 221.84454635184926
413.8180367010841 358.4981934050988
328.8008222903828 177.5044097242448
411.26779023132974 406.32202922076596
417.7471895864186 389.96177462250824
244.85751665707423 164.56833158352734
49.303279290863756 111.00053977473168
401.87977668493494 408.0518295524004
372.10317361785366 387.41195678050383
215.8513348693648 188.2884934810221
365.0744932479913 449.7702725414654
115.68240370090925 162.3963142788569
58.034668979487336 470.3380790730965
174.16432616073763 171.53334042181305
260.5574149002358 174.15014831782327
219.08296913651353 348.38163276183303
110.07615100621888 106.70245790129817
361.5085266698786 434.91800080469096
360.9362681784774 430.00501257505573
374.39129465519926 367.44532328241337
165.49482777658457 213.18469181084114
134.77833211171156 160.75711544203793
93.19346264183098 328.65395557930486
104.37884115135859 192.116040605788
224.78750568703992 214.77642055167172
352.3678079798672 102.89223968366096
430.8729788631261 356.2563751469164
399.75117844335483 268.44450528532207
148.8977367398228 168.63256333092784
200.6052142336628 173.4225968208704
381.3404110051474 388.86392609127495
188.0507071847827 152.18869561551315
192.60440190046376 222.06073813914008
430.06133831847075 441.8682579804096
358.47519686230277 363.39477696507106
119.28636321939528 58.474451985375985
204.01548125746683 176.62373042307414
189.46387261658975 186.2209067311622
127.86305489391485 195.32524630879527
441.9160996714682 443.06949377052456
277.4562879162487 244.82101309610442
93.54928998120133 420.992607068274
355.3611262630837 385.9039172171369
242.30445972284193 97.56424581712459
244.57436341224098 175.81570295960057
161.3701522551812 173.75888200360959
433.9891802101223 398.8699511939686
282.6988996224876 397.94044480121363
146.0449547793533 137.426459136767
378.8670310141213 428.07401974299654
424.2518251929787 426.5919554943691
401.08059802145584 407.27140539452927
216.26695417959934 223.49242119963498
181.3065068676445 213.51793636561615
394.13665797289707 371.85419350100733
115.36246583162475 224.51060748138096
148.85446755144682 499.65633463945386
139.42228371118415 229.32994382462863
219.5349516916665 496.97884215930856
104.93908379488704 368.8064910021569
385.06308411139895 421.07539594938
392.8167061254245 411.6151199782155
406.76493274771684 402.72024668513916
385.0815478952831 378.1085018790198
366.83773646030846 447.9000156402989
143.39998651974153 140.10145994171202
448.5488302261794 417.929931592331
67.79445321400456 375.047068244558
237.8153067744738 248.87293384670116
362.68881686138104 436.6078794991157
73.12172171248066 161.04835580468847
380.7367937399285 338.117276849973
121.32574496130518 194.86029736926832
391.4225089365038 395.19917225503644
429.4598630667665 426.8884234823993
177.34202081315487 141.73385317776757
168.20434736116312 173.20667206565582
350.2473085141985 427.41352904376936
359.3141658089548 447.21502919379566
416.41438208318425 385.8222729340987
397.83896332392266 198.85793409433188
223.7271471454033 174.2072421333233
224.25154255732122 150.6632732756181
363.0594250307546 435.2422576288416
234.1231987057834 214.3381033633753
49.787370958102926 391.9448809202841
102.44220285591166 239.41493130212828
220.6429744382133 0.33796575605210544
130.34773095960995 203.28878228672653
441.07388202099946 150.9327521882111
114.00099767884755 154.06530750958913
185.92188382338287 451.90013441782895
25.893637524327495 312.8021370824771
419.94413715245736 373.41438414844197
359.1199187216893 359.51836779794564
238.40335413045705 66.34989601999331
259.7221273183179 222.53343838932716
347.79855364402437 408.5545134566492
204.1046501683166 171.65503621566478
191.53496283788635 365.38169088198555
51.60076660421292 183.78084481130907
120.56939421153184 216.01907254759362
320.7880742584919 338.5685389595221
265.2541382733405 4.237370976504784
366.4116549790646 385.1187718826771
314.0400191704513 75.68706542214049
192.41140189010594 166.35758041586263
43.34401673299426 50.23255623881939
294.7869588807566 192.01595467156037
147.1755502273254 120.97452832138505
196.69308522818466 137.22505407787483
410.0007867225853 410.75930989155233
352.6824406146199 434.70700208723946
130.8168577228663 191.03903045079397
373.9218204906248 147.77102562103335
391.9007997882089 396.88901586335714
247.44385997163343 56.371831301904265
195.71234948254724 110.65180025430749
493.4412664215945 466.96220083710796
193.41912441258873 419.48665145181263
154.8118694272148 202.44130735036393
243.16794759113296 215.5550573836921
293.6817484629622 6.896712862645371
19.91343096859488 30.234429794102844
175.99159064123904 194.2856044090864
