Energy: 541
Seam: [364, 365, 364, 364, 364, 363, 364, 364, 364, 364, 364, 363, 362, 362, 361, 360, 359, 359, 360, 360, 360, 361, 362, 363, 364, 365, 365, 364, 363, 362, 361, 360, 361, 361, 361, 361, 361, 362, 363, 362, 361, 361, 362, 362, 361, 360, 359, 359, 360, 359, 359, 360, 360, 360, 361, 361, 360, 360, 360, 359, 358, 357, 356, 357, 358, 359, 359, 360, 360, 360, 359, 359, 358, 359, 359, 359, 358, 358, 358, 359, 360, 361, 361, 362, 363, 364, 365, 366, 367, 368, 369, 370, 371, 372, 373, 374, 375, 374, 373, 372, 371, 372, 371, 370, 369, 368, 367, 367, 366, 367, 368, 368, 369, 370, 369, 370, 371, 370, 369, 370, 369, 368, 367, 366, 365, 365, 364, 363, 363, 362, 362, 363, 362, 362, 361, 361, 360, 360, 361, 361, 362, 362, 361, 360, 360, 361, 360, 359, 358, 358, 358, 358, 358, 358, 359, 360, 361, 362, 363, 363, 362, 362, 361, 360, 359, 358, 357, 357, 357, 358, 358, 358, 358, 359, 358, 359, 360, 361, 362, 363, 362, 363, 364, 363, 362, 361, 362, 363, 364, 365, 366, 367, 368, 369, 370, 371, 372, 373, 374, 374, 373, 372, 371, 371, 371, 371, 372, 373, 372, 371, 370, 369, 368, 367, 366, 365, 364, 365, 364, 363, 364, 364, 365, 366, 367, 368, 369, 369, 368, 367, 368, 369, 370, 371, 371, 372, 373, 372, 373, 374, 375, 376, 377, 377, 376, 377, 378, 379, 380, 381, 382, 381, 380, 380, 380, 380, 381, 382, 382, 381, 380, 381, 380, 379, 378, 377, 376, 375, 375, 374, 375]
Removed seam 1/160
Energy: 566
Seam: [378, 378, 378, 377, 376, 377, 377, 377, 376, 375, 375, 375, 374, 374, 375, 376, 376, 377, 378, 377, 378, 377, 376, 375, 376, 375, 374, 373, 373, 372, 371, 370, 369, 369, 368, 367, 368, 369, 370, 370, 369, 368, 369, 370, 370, 370, 370, 370, 369, 368, 367, 366, 365, 365, 366, 367, 368, 368, 368, 367, 366, 366, 366, 366, 367, 368, 369, 370, 371, 371, 371, 370, 370, 370, 371, 370, 369, 370, 370, 370, 370, 369, 368, 367, 366, 365, 364, 363, 364, 363, 363, 362, 362, 363, 364, 365, 366, 365, 364, 363, 363, 362, 361, 360, 360, 361, 362, 363, 363, 363, 364, 364, 364, 364, 365, 366, 367, 366, 366, 366, 365, 366, 366, 365, 366, 367, 368, 369, 368, 367, 368, 367, 366, 365, 366, 367, 367, 366, 365, 365, 364, 365, 366, 366, 367, 366, 365, 365, 366, 366, 366, 367, 368, 368, 367, 368, 368, 369, 369, 369, 368, 368, 367, 368, 369, 370, 369, 368, 367, 367, 367, 367, 366, 365, 364, 363, 362, 362, 363, 364, 365, 365, 365, 365, 364, 365, 366, 365, 364, 364, 365, 366, 367, 368, 369, 370, 371, 371, 370, 369, 369, 368, 368, 367, 366, 367, 367, 368, 369, 369, 369, 368, 367, 367, 368, 369, 368, 368, 369, 368, 367, 366, 366, 366, 365, 366, 367, 367, 366, 365, 364, 364, 365, 366, 367, 368, 368, 367, 367, 366, 365, 364, 363, 362, 362, 363, 364, 365, 365, 366, 366, 367, 368, 369, 370, 371, 370, 370, 369, 368, 367, 366, 366, 365, 364, 363, 363, 362, 362, 363, 362]
Removed seam 2/160
Energy: 595
Seam: [384, 383, 384, 384, 383, 384, 383, 383, 384, 385, 384, 383, 382, 382, 382, 382, 383, 384, 384, 385, 386, 386, 387, 387, 386, 385, 386, 385, 386, 385, 384, 383, 382, 383, 382, 381, 382, 383, 384, 385, 386, 386, 387, 387, 388, 387, 387, 386, 386, 387, 386, 385, 385, 384, 383, 382, 382, 381, 382, 382, 383, 384, 383, 382, 382, 382, 381, 380, 381, 380, 379, 378, 377, 376, 375, 375, 374, 373, 372, 371, 371, 371, 370, 369, 368, 369, 370, 371, 372, 373, 374, 375, 376, 377, 378, 379, 380, 381, 382, 383, 382, 382, 383, 383, 382, 382, 382, 381, 380, 379, 380, 381, 382, 383, 382, 382, 383, 383, 383, 382, 382, 381, 382, 382, 381, 380, 379, 379, 378, 379, 379, 379, 380, 381, 382, 382, 383, 384, 385, 384, 384, 384, 383, 382, 382, 381, 381, 382, 381, 381, 382, 383, 382, 382, 383, 383, 383, 383, 383, 382, 382, 382, 381, 381, 382, 383, 382, 382, 383, 383, 384, 385, 386, 385, 386, 387, 388, 389, 388, 388, 387, 387, 388, 387, 386, 385, 386, 386, 385, 384, 385, 385, 385, 384, 383, 382, 382, 382, 383, 384, 385, 384, 383, 384, 385, 386, 386, 386, 387, 388, 389, 389, 390, 389, 390, 391, 390, 389, 389, 390, 391, 392, 393, 394, 394, 393, 394, 394, 393, 392, 391, 390, 389, 389, 389, 390, 389, 388, 387, 386, 385, 385, 386, 385, 384, 385, 386, 386, 385, 386, 385, 384, 385, 384, 383, 384, 384, 383, 382, 381, 380, 379, 378, 377, 376, 377, 376, 375, 374, 373, 374]
Removed seam 3/160
Energy: 626
Seam: [372, 373, 374, 375, 375, 375, 374, 373, 373, 372, 371, 370, 371, 372, 373, 372, 371, 370, 371, 372, 372, 372, 372, 372, 373, 374, 373, 374, 374, 374, 375, 374, 373, 372, 372, 373, 373, 373, 372, 372, 372, 372, 371, 371, 371, 370, 369, 370, 371, 370, 369, 369, 368, 367, 366, 366, 366, 365, 365, 365, 366, 366, 366, 366, 365, 366, 366, 366, 365, 364, 363, 362, 361, 360, 361, 360, 359, 358, 357, 357, 358, 357, 358, 359, 360, 361, 362, 363, 364, 363, 363, 363, 364, 365, 366, 367, 368, 369, 369, 370, 369, 368, 367, 366, 365, 365, 366, 367, 368, 369, 369, 369, 369, 370, 371, 372, 372, 371, 370, 370, 371, 371, 370, 369, 368, 368, 369, 368, 368, 369, 368, 367, 366, 367, 367, 367, 367, 367, 366, 365, 364, 363, 363, 363, 363, 362, 361, 362, 361, 360, 359, 358, 358, 358, 358, 358, 358, 359, 359, 360, 359, 359, 358, 359, 359, 358, 359, 360, 361, 362, 363, 362, 363, 364, 365, 365, 364, 365, 366, 366, 367, 367, 367, 368, 368, 368, 367, 366, 365, 366, 367, 368, 369, 370, 371, 372, 373, 374, 373, 374, 375, 376, 377, 378, 379, 380, 381, 382, 383, 384, 384, 384, 384, 384, 385, 386, 387, 388, 389, 390, 391, 392, 393, 394, 394, 395, 395, 394, 394, 395, 394, 393, 393, 392, 391, 391, 392, 392, 391, 392, 392, 391, 390, 389, 389, 390, 391, 392, 393, 394, 393, 392, 392, 393, 394, 393, 394, 393, 394, 395, 394, 394, 393, 394, 395, 394, 395, 394, 395, 395, 395]
Removed seam 4/160
Energy: 647
Seam: [388, 389, 390, 391, 392, 393, 393, 393, 392, 392, 392, 392, 392, 391, 390, 389, 390, 389, 389, 388, 389, 388, 387, 388, 388, 387, 387, 388, 387, 386, 387, 386, 387, 386, 387, 386, 387, 388, 389, 390, 390, 391, 392, 393, 392, 391, 390, 391, 391, 390, 389, 389, 388, 388, 387, 387, 388, 388, 389, 389, 389, 389, 388, 387, 386, 385, 385, 384, 384, 383, 382, 381, 380, 380, 381, 381, 381, 380, 381, 382, 381, 380, 381, 380, 379, 378, 379, 380, 381, 382, 383, 384, 385, 386, 387, 388, 389, 390, 391, 392, 393, 392, 391, 390, 389, 388, 388, 388, 387, 386, 386, 385, 386, 387, 387, 387, 387, 388, 389, 389, 388, 389, 389, 389, 388, 388, 387, 387, 386, 385, 384, 384, 385, 385, 385, 386, 387, 388, 389, 389, 390, 389, 390, 389, 390, 391, 392, 392, 391, 390, 389, 390, 389, 388, 389, 390, 389, 388, 389, 389, 388, 388, 389, 390, 390, 390, 389, 388, 387, 386, 385, 384, 385, 384, 384, 383, 382, 383, 382, 381, 380, 381, 380, 379, 378, 377, 376, 376, 377, 376, 376, 375, 374, 373, 372, 371, 370, 371, 372, 373, 374, 373, 372, 373, 374, 375, 374, 373, 373, 373, 372, 372, 371, 370, 369, 368, 369, 370, 369, 369, 368, 369, 370, 371, 371, 370, 369, 368, 368, 369, 370, 370, 369, 369, 369, 369, 368, 369, 370, 370, 371, 372, 373, 372, 372, 372, 372, 371, 370, 369, 368, 369, 368, 368, 367, 367, 366, 367, 368, 367, 367, 367, 367, 368, 368, 367, 368, 367, 366, 367, 366]
Removed seam 5/160
Energy: 653
Seam: [383, 384, 385, 386, 387, 387, 386, 385, 385, 384, 384, 384, 383, 382, 381, 381, 380, 380, 379, 380, 381, 382, 381, 380, 380, 379, 378, 378, 378, 378, 379, 380, 379, 378, 378, 379, 379, 379, 380, 381, 381, 380, 380, 379, 378, 377, 378, 378, 377, 377, 376, 376, 376, 375, 374, 373, 372, 371, 371, 371, 370, 369, 368, 368, 369, 370, 371, 372, 373, 374, 373, 372, 372, 372, 372, 371, 370, 370, 371, 371, 370, 371, 371, 370, 369, 368, 367, 366, 367, 367, 368, 368, 369, 370, 371, 372, 373, 372, 371, 370, 370, 370, 369, 370, 370, 369, 368, 367, 368, 367, 367, 367, 368, 369, 370, 370, 371, 370, 370, 370, 371, 372, 373, 372, 371, 370, 370, 369, 370, 371, 372, 373, 373, 372, 372, 371, 370, 370, 369, 368, 368, 368, 367, 368, 367, 368, 368, 367, 366, 365, 364, 365, 366, 367, 367, 368, 368, 368, 368, 369, 370, 371, 372, 372, 372, 373, 372, 371, 370, 369, 368, 368, 369, 370, 370, 371, 372, 371, 371, 372, 371, 370, 370, 371, 371, 370, 369, 369, 368, 367, 366, 367, 368, 369, 370, 371, 372, 373, 374, 374, 374, 375, 376, 376, 375, 376, 377, 378, 378, 377, 376, 375, 376, 376, 377, 378, 379, 378, 378, 378, 379, 379, 379, 380, 380, 380, 381, 380, 379, 380, 381, 382, 381, 380, 379, 378, 377, 376, 376, 377, 376, 377, 377, 377, 378, 378, 377, 378, 379, 380, 381, 382, 382, 381, 382, 383, 384, 384, 385, 385, 386, 386, 386, 387, 386, 387, 386, 386, 387, 388, 387]
Removed seam 6/160
Energy: 689
Seam: [359, 358, 359, 359, 359, 359, 358, 357, 356, 356, 356, 355, 354, 355, 355, 356, 357, 358, 359, 360, 361, 362, 362, 363, 364, 365, 365, 366, 366, 365, 366, 366, 365, 364, 364, 364, 364, 363, 363, 362, 361, 361, 362, 362, 361, 361, 360, 360, 360, 359, 359, 359, 358, 357, 356, 356, 356, 356, 356, 356, 357, 356, 356, 357, 358, 359, 359, 360, 360, 360, 359, 360, 361, 362, 361, 360, 359, 358, 357, 357, 358, 357, 358, 359, 360, 361, 362, 363, 364, 363, 364, 365, 366, 367, 368, 369, 370, 369, 370, 369, 368, 367, 367, 366, 365, 364, 363, 363, 364, 364, 364, 365, 364, 364, 365, 366, 367, 366, 365, 364, 363, 362, 362, 361, 360, 360, 361, 362, 361, 360, 360, 360, 360, 361, 361, 361, 360, 360, 361, 360, 359, 360, 359, 358, 358, 359, 359, 358, 358, 358, 358, 359, 360, 361, 362, 363, 363, 364, 363, 363, 362, 361, 361, 362, 362, 363, 364, 364, 363, 364, 364, 364, 363, 362, 362, 361, 360, 359, 359, 359, 359, 359, 360, 361, 360, 360, 359, 359, 359, 359, 359, 359, 359, 359, 359, 360, 361, 360, 360, 360, 359, 360, 360, 360, 361, 360, 360, 361, 362, 363, 362, 362, 363, 362, 363, 364, 363, 363, 364, 363, 364, 365, 366, 367, 366, 366, 367, 366, 366, 365, 364, 363, 362, 361, 362, 363, 363, 362, 361, 360, 359, 360, 359, 360, 360, 360, 361, 361, 360, 359, 359, 360, 359, 359, 359, 360, 361, 362, 363, 363, 363, 362, 361, 360, 360, 359, 360, 361, 360, 359, 358]
Removed seam 7/160
Energy: 700
Seam: [386, 387, 388, 389, 390, 391, 391, 391, 391, 390, 390, 391, 390, 389, 390, 391, 390, 389, 390, 389, 388, 387, 387, 388, 389, 390, 390, 391, 391, 391, 391, 390, 389, 389, 390, 389, 389, 389, 388, 389, 388, 389, 390, 391, 390, 389, 389, 389, 390, 391, 390, 391, 391, 391, 390, 389, 389, 390, 390, 391, 391, 391, 390, 390, 389, 388, 387, 386, 385, 384, 383, 382, 381, 382, 383, 383, 383, 382, 383, 382, 381, 382, 382, 381, 381, 380, 379, 378, 377, 376, 375, 374, 373, 372, 371, 371, 372, 373, 374, 374, 375, 376, 376, 376, 377, 376, 377, 376, 376, 377, 378, 379, 379, 380, 380, 379, 379, 378, 378, 377, 376, 377, 376, 375, 375, 376, 375, 376, 375, 374, 373, 373, 373, 372, 371, 372, 373, 374, 373, 373, 374, 374, 373, 374, 375, 376, 377, 378, 379, 380, 381, 380, 379, 379, 380, 380, 380, 379, 379, 380, 379, 380, 381, 382, 382, 381, 382, 383, 384, 384, 384, 385, 386, 387, 388, 389, 390, 389, 388, 387, 386, 385, 386, 387, 388, 389, 390, 389, 390, 390, 389, 389, 388, 387, 387, 386, 387, 387, 386, 386, 386, 385, 384, 383, 382, 382, 381, 382, 382, 382, 383, 382, 381, 381, 381, 380, 379, 380, 381, 380, 379, 378, 378, 378, 379, 379, 378, 378, 378, 379, 380, 381, 382, 382, 382, 382, 382, 383, 382, 382, 382, 382, 383, 382, 382, 383, 384, 384, 383, 383, 382, 381, 380, 379, 378, 377, 377, 378, 377, 377, 377, 376, 376, 375, 374, 373, 373, 373, 372, 371, 372]
Removed seam 8/160
Energy: 726
Seam: [376, 376, 376, 377, 376, 375, 375, 375, 374, 375, 376, 377, 376, 375, 374, 374, 373, 372, 371, 372, 371, 371, 372, 371, 370, 369, 368, 368, 367, 366, 366, 366, 366, 365, 365, 364, 363, 362, 361, 360, 359, 359, 358, 357, 357, 356, 357, 358, 359, 359, 359, 359, 359, 360, 361, 362, 363, 363, 363, 362, 361, 360, 359, 358, 358, 359, 359, 360, 360, 361, 362, 363, 362, 363, 364, 363, 363, 363, 363, 362, 361, 361, 362, 363, 364, 365, 366, 365, 366, 366, 367, 367, 368, 369, 370, 371, 372, 373, 374, 373, 373, 374, 373, 372, 372, 372, 373, 374, 374, 374, 373, 373, 372, 371, 370, 370, 369, 369, 369, 368, 367, 366, 365, 366, 365, 364, 363, 362, 362, 363, 364, 365, 365, 366, 366, 367, 367, 366, 365, 364, 364, 363, 364, 363, 362, 361, 360, 359, 358, 358, 358, 358, 359, 360, 361, 360, 361, 362, 363, 364, 365, 364, 363, 362, 362, 363, 364, 364, 364, 365, 365, 365, 365, 366, 366, 366, 367, 368, 369, 368, 367, 366, 365, 364, 363, 362, 361, 360, 359, 359, 359, 359, 359, 359, 360, 361, 362, 363, 363, 362, 362, 361, 360, 360, 361, 360, 361, 362, 363, 363, 362, 363, 364, 365, 366, 367, 368, 369, 368, 367, 366, 367, 368, 367, 368, 369, 369, 369, 370, 369, 369, 369, 369, 370, 370, 369, 368, 367, 367, 366, 365, 365, 364, 365, 365, 364, 364, 364, 363, 364, 363, 363, 364, 365, 366, 365, 365, 364, 363, 363, 364, 364, 364, 364, 363, 364, 363, 364, 365, 366, 367]
Removed seam 9/160
Energy: 733
Seam: [381, 382, 383, 384, 385, 385, 386, 386, 385, 385, 384, 384, 383, 384, 383, 383, 382, 381, 381, 380, 379, 378, 377, 377, 377, 377, 377, 376, 376, 376, 377, 378, 378, 379, 379, 380, 381, 381, 382, 383, 383, 384, 384, 385, 385, 384, 384, 383, 382, 381, 380, 381, 380, 379, 379, 378, 377, 376, 376, 375, 374, 374, 373, 374, 374, 373, 372, 372, 373, 374, 374, 374, 373, 374, 375, 375, 375, 374, 373, 374, 375, 374, 374, 373, 372, 371, 370, 371, 372, 373, 374, 375, 376, 377, 378, 379, 380, 381, 382, 383, 384, 383, 382, 383, 382, 381, 380, 380, 381, 381, 380, 380, 379, 380, 381, 381, 382, 383, 382, 381, 380, 379, 378, 377, 377, 378, 377, 377, 377, 376, 377, 376, 375, 375, 375, 374, 373, 374, 373, 372, 373, 372, 371, 372, 373, 374, 375, 374, 374, 373, 373, 374, 373, 372, 372, 372, 373, 373, 373, 374, 375, 374, 375, 376, 377, 378, 377, 376, 375, 374, 375, 376, 377, 378, 378, 378, 379, 380, 380, 381, 381, 382, 383, 382, 381, 382, 383, 383, 382, 381, 380, 380, 380, 379, 378, 379, 380, 381, 382, 383, 382, 382, 382, 381, 380, 381, 382, 382, 383, 384, 385, 386, 387, 387, 387, 387, 386, 385, 384, 385, 385, 385, 385, 384, 383, 382, 381, 381, 382, 383, 382, 382, 383, 382, 381, 381, 381, 381, 381, 382, 381, 381, 381, 382, 383, 384, 385, 384, 383, 382, 381, 380, 379, 378, 379, 380, 381, 382, 383, 382, 383, 383, 384, 383, 382, 381, 382, 381, 380, 379, 378]
Removed seam 10/160

