Energy: 2099
Seam: [97, 98, 99, 100, 100, 100, 100, 99, 100, 99, 98, 97, 96, 95, 96, 97, 98, 99, 99, 98, 98, 99, 100, 101, 100, 101, 102, 103, 104, 103, 104, 103, 102, 101, 100, 99, 98, 99, 100, 99, 98, 97, 97, 96, 95, 96, 97, 98, 99, 100, 100, 101, 100, 99, 99, 100, 100, 101, 102, 103, 104, 104, 105, 105, 105, 104, 104, 104, 105, 106, 107, 106, 107, 107, 108, 109, 110, 110, 110, 110, 110, 109, 110, 110, 111, 112, 113, 114, 115, 116, 117, 116, 117, 117, 118, 119, 119, 118, 117, 117, 118, 117, 116, 115, 114, 113, 114, 115, 114, 113, 112, 111, 110, 110, 111, 112, 111, 110, 109, 110, 111, 111, 110, 111, 110, 109, 110, 110, 111, 112, 113, 113, 113, 113, 114, 115, 115, 116, 115, 116, 115, 116, 115, 116, 117, 118, 119, 118, 117, 116, 117, 118, 119, 120, 121, 120, 119, 119, 120, 120, 121, 120, 119, 118, 117, 116, 115, 115, 116, 117, 117, 118, 119, 120, 119, 118, 117, 116, 115, 114, 113, 113, 112, 112, 111, 110, 109, 108, 107, 108, 109, 109, 109, 109, 110, 110, 111, 110, 111, 110, 110, 109, 108, 107, 106, 105, 105, 104, 104, 104, 105, 106, 105, 104, 103, 103, 103, 103, 102, 101, 100, 99, 98, 97, 96, 95, 96, 97, 98, 99, 99, 98, 97, 96, 95, 95, 96, 97, 98, 97, 97, 98, 98, 99, 100, 100, 99, 99, 99, 99, 99, 98, 97, 98, 97, 97, 98, 98, 99, 100, 99, 100, 99, 100, 99, 99, 98, 97, 98, 99, 98]
Removed seam 150/160
Energy: 2106
Seam: [56, 57, 58, 59, 60, 61, 62, 61, 60, 59, 59, 58, 57, 56, 55, 54, 53, 52, 52, 53, 52, 51, 51, 52, 52, 51, 50, 49, 49, 48, 47, 46, 47, 48, 49, 48, 49, 48, 49, 50, 50, 51, 52, 52, 52, 52, 53, 54, 55, 56, 57, 58, 59, 60, 61, 62, 63, 64, 65, 66, 66, 67, 66, 67, 68, 68, 67, 68, 69, 70, 71, 72, 73, 74, 75, 76, 77, 78, 79, 79, 79, 78, 77, 78, 78, 77, 77, 76, 76, 75, 74, 73, 74, 73, 74, 74, 73, 74, 75, 74, 75, 74, 75, 76, 76, 76, 76, 77, 78, 79, 80, 81, 82, 83, 83, 83, 82, 83, 84, 85, 86, 87, 88, 89, 90, 91, 92, 93, 94, 93, 92, 93, 94, 93, 94, 94, 95, 96, 96, 97, 98, 99, 100, 101, 102, 103, 104, 105, 106, 107, 107, 108, 109, 110, 111, 112, 111, 110, 109, 110, 110, 109, 109, 108, 107, 106, 105, 105, 104, 104, 105, 104, 103, 104, 105, 106, 106, 107, 108, 108, 109, 109, 109, 108, 107, 106, 105, 104, 103, 102, 101, 100, 99, 98, 97, 96, 95, 96, 97, 96, 95, 96, 95, 95, 94, 94, 95, 94, 94, 95, 95, 94, 93, 92, 91, 90, 89, 88, 87, 86, 85, 84, 83, 82, 82, 83, 84, 84, 85, 84, 83, 82, 82, 81, 81, 80, 79, 78, 77, 78, 77, 77, 76, 75, 74, 73, 72, 72, 71, 72, 72, 71, 70, 69, 70, 69, 68, 69, 68, 68, 67, 67, 68, 67, 66, 66, 65, 64, 65, 66, 65]
Removed seam 151/160
Energy: 2120
Seam: [75, 74, 75, 76, 75, 74, 73, 72, 71, 71, 71, 72, 71, 70, 69, 68, 67, 66, 65, 64, 63, 62, 61, 60, 59, 58, 57, 56, 55, 54, 53, 52, 51, 50, 49, 49, 48, 47, 47, 48, 49, 50, 51, 52, 53, 54, 55, 56, 57, 58, 59, 60, 61, 62, 61, 62, 63, 64, 65, 66, 67, 68, 69, 70, 71, 72, 73, 74, 75, 76, 77, 78, 79, 80, 81, 82, 83, 84, 84, 83, 82, 83, 82, 81, 80, 79, 78, 79, 79, 80, 80, 80, 81, 81, 82, 81, 82, 83, 82, 82, 83, 84, 85, 86, 86, 87, 88, 88, 88, 87, 88, 89, 90, 91, 90, 89, 90, 89, 88, 88, 89, 90, 91, 92, 92, 93, 94, 95, 94, 93, 92, 92, 91, 90, 89, 88, 87, 86, 85, 84, 83, 82, 81, 80, 79, 78, 77, 78, 79, 80, 81, 81, 82, 81, 80, 81, 82, 83, 82, 83, 84, 85, 86, 87, 88, 87, 86, 85, 84, 83, 82, 82, 83, 82, 81, 81, 80, 79, 78, 79, 80, 79, 80, 80, 81, 80, 81, 81, 80, 79, 78, 77, 76, 75, 74, 75, 76, 77, 78, 79, 78, 77, 76, 75, 74, 73, 72, 71, 71, 72, 73, 72, 71, 71, 70, 69, 68, 67, 66, 65, 64, 63, 64, 63, 62, 62, 63, 62, 61, 60, 59, 60, 59, 59, 60, 60, 60, 59, 59, 59, 58, 57, 56, 55, 55, 55, 54, 54, 53, 53, 53, 54, 54, 53, 53, 52, 51, 51, 52, 52, 52, 51, 50, 49, 48, 47, 46, 47, 48, 49, 50]
Removed seam 152/160
Energy: 2129
Seam: [107, 107, 107, 108, 109, 108, 107, 106, 107, 108, 109, 110, 109, 109, 109, 110, 109, 109, 108, 107, 106, 106, 106, 106, 107, 106, 105, 106, 105, 105, 104, 104, 103, 102, 101, 101, 100, 99, 100, 101, 102, 103, 104, 103, 102, 101, 101, 101, 102, 103, 104, 105, 106, 107, 106, 105, 104, 104, 105, 105, 105, 105, 105, 105, 105, 105, 106, 106, 107, 108, 107, 108, 109, 110, 111, 111, 112, 112, 113, 112, 113, 114, 115, 116, 117, 117, 117, 118, 118, 118, 117, 117, 118, 119, 119, 119, 118, 118, 119, 118, 118, 119, 118, 117, 118, 118, 117, 118, 117, 118, 119, 118, 118, 117, 118, 118, 119, 118, 118, 119, 118, 119, 118, 118, 118, 118, 118, 118, 117, 118, 117, 118, 117, 118, 118, 117, 117, 118, 119, 118, 117, 117, 118, 117, 117, 118, 117, 116, 115, 115, 116, 116, 117, 118, 117, 118, 117, 117, 118, 118, 118, 118, 117, 116, 115, 114, 115, 116, 117, 117, 118, 118, 119, 118, 118, 118, 117, 116, 115, 114, 113, 112, 111, 112, 111, 112, 113, 113, 114, 115, 116, 117, 118, 117, 116, 115, 115, 114, 113, 113, 112, 111, 110, 110, 109, 108, 107, 106, 105, 104, 104, 105, 105, 104, 103, 102, 101, 100, 99, 98, 97, 96, 95, 94, 93, 92, 91, 92, 91, 90, 91, 91, 90, 89, 90, 89, 88, 88, 89, 90, 89, 90, 90, 91, 92, 93, 92, 91, 90, 89, 88, 87, 86, 85, 84, 83, 82, 82, 82, 83, 84, 85, 84, 84, 85, 85, 85, 84, 84, 83, 84]
Removed seam 153/160
Energy: 2133
Seam: [17, 18, 19, 20, 21, 22, 22, 23, 24, 25, 26, 26, 27, 28, 29, 30, 31, 30, 30, 31, 31, 32, 33, 34, 35, 36, 36, 35, 36, 35, 36, 37, 36, 35, 35, 35, 34, 35, 36, 36, 37, 38, 37, 38, 37, 36, 35, 34, 33, 33, 32, 32, 31, 30, 29, 29, 28, 27, 26, 25, 24, 23, 22, 22, 23, 22, 21, 21, 20, 19, 18, 17, 16, 15, 14, 13, 13, 12, 11, 10, 9, 8, 9, 10, 11, 10, 9, 10, 9, 8, 7, 6, 6, 6, 7, 8, 8, 7, 6, 5, 4, 3, 3, 3, 2, 1, 1, 2, 1, 2, 3, 4, 5, 5, 5, 6, 7, 7, 8, 9, 10, 11, 12, 13, 12, 12, 12, 11, 10, 10, 10, 9, 9, 8, 9, 8, 7, 6, 5, 6, 7, 8, 7, 8, 9, 10, 11, 12, 11, 12, 13, 14, 15, 16, 15, 14, 13, 12, 11, 10, 11, 12, 13, 14, 15, 14, 13, 12, 13, 14, 15, 16, 17, 18, 17, 16, 15, 16, 17, 16, 15, 14, 13, 14, 14, 14, 13, 12, 11, 11, 12, 11, 10, 9, 10, 11, 12, 13, 14, 13, 14, 15, 15, 16, 17, 18, 19, 20, 20, 19, 19, 20, 21, 22, 22, 22, 22, 21, 21, 22, 21, 22, 23, 23, 24, 25, 25, 26, 25, 24, 24, 24, 24, 24, 24, 24, 25, 24, 23, 24, 24, 25, 26, 26, 25, 24, 23, 22, 21, 20, 20, 21, 22, 23, 22, 22, 21, 20, 19, 18, 17, 16, 15, 14, 13, 13, 12, 13, 13, 12, 11]
Removed seam 154/160
Energy: 2138
Seam: [84, 85, 84, 83, 82, 83, 83, 83, 83, 84, 83, 82, 81, 80, 79, 78, 77, 76, 76, 75, 74, 73, 72, 71, 70, 69, 69, 68, 68, 67, 67, 66, 65, 64, 63, 64, 63, 64, 65, 66, 67, 66, 67, 67, 67, 66, 65, 64, 63, 64, 65, 66, 67, 68, 69, 70, 71, 72, 73, 74, 75, 76, 77, 78, 79, 80, 81, 82, 83, 84, 85, 86, 87, 88, 89, 90, 91, 92, 93, 94, 94, 95, 96, 97, 98, 99, 100, 101, 102, 103, 104, 105, 106, 107, 108, 107, 106, 105, 104, 103, 103, 102, 103, 102, 102, 101, 100, 99, 98, 97, 96, 97, 98, 97, 96, 97, 98, 97, 96, 96, 95, 94, 93, 94, 94, 95, 95, 95, 95, 96, 97, 98, 99, 100, 101, 102, 103, 103, 104, 105, 106, 107, 106, 105, 105, 104, 105, 106, 107, 107, 108, 109, 110, 111, 112, 113, 113, 112, 111, 110, 109, 108, 107, 106, 105, 105, 106, 105, 104, 103, 104, 105, 106, 107, 108, 109, 109, 110, 111, 110, 109, 108, 107, 106, 105, 104, 103, 102, 101, 100, 99, 98, 97, 96, 95, 94, 94, 95, 96, 97, 98, 99, 100, 101, 102, 102, 102, 101, 100, 99, 98, 97, 96, 95, 94, 93, 92, 91, 90, 89, 88, 87, 86, 85, 84, 84, 83, 82, 82, 82, 81, 81, 82, 82, 81, 80, 79, 79, 79, 78, 77, 78, 79, 79, 78, 77, 76, 76, 77, 76, 75, 75, 74, 74, 73, 74, 75, 74, 73, 73, 73, 74, 74, 73, 74, 75, 76, 76, 76, 75, 74]
Removed seam 155/160
Energy: 2143
Seam: [42, 42, 41, 40, 39, 39, 39, 40, 41, 40, 39, 40, 40, 41, 41, 42, 42, 42, 43, 44, 45, 45, 45, 44, 45, 46, 46, 47, 46, 45, 44, 44, 45, 45, 45, 44, 45, 44, 45, 46, 45, 46, 47, 47, 47, 46, 47, 48, 47, 46, 45, 44, 44, 43, 42, 41, 42, 41, 42, 43, 44, 44, 45, 44, 44, 45, 46, 47, 48, 49, 50, 51, 51, 50, 51, 51, 52, 53, 53, 54, 55, 56, 57, 57, 56, 55, 55, 55, 56, 56, 57, 56, 57, 58, 59, 59, 60, 61, 62, 63, 64, 65, 66, 67, 68, 69, 70, 71, 72, 73, 72, 72, 72, 73, 74, 75, 76, 77, 78, 79, 80, 79, 79, 78, 77, 76, 75, 76, 76, 76, 77, 78, 79, 80, 81, 82, 81, 80, 79, 78, 78, 77, 77, 76, 75, 74, 73, 72, 72, 73, 74, 75, 76, 77, 78, 78, 79, 80, 81, 82, 83, 83, 83, 84, 85, 86, 86, 87, 88, 87, 87, 86, 85, 84, 83, 82, 81, 80, 79, 78, 77, 76, 75, 74, 73, 72, 71, 70, 69, 70, 71, 72, 73, 73, 72, 71, 70, 69, 68, 67, 66, 65, 64, 63, 62, 61, 60, 59, 58, 57, 56, 55, 54, 53, 53, 52, 51, 50, 49, 50, 49, 48, 48, 49, 49, 49, 49, 50, 50, 50, 49, 49, 48, 47, 46, 45, 44, 43, 42, 43, 42, 41, 42, 42, 43, 44, 44, 44, 45, 44, 43, 42, 42, 43, 43, 43, 42, 41, 40, 40, 39, 38, 37, 36, 36, 37, 36, 35, 36, 37, 37]
Removed seam 156/160
Energy: 2151
Seam: [220, 221, 221, 222, 223, 224, 225, 226, 227, 228, 229, 230, 231, 231, 232, 233, 234, 235, 236, 237, 238, 239, 240, 241, 242, 243, 242, 242, 243, 242, 243, 243, 243, 243, 243, 242, 242, 243, 243, 242, 241, 242, 243, 243, 243, 243, 243, 243, 242, 242, 243, 242, 241, 241, 242, 242, 243, 242, 241, 242, 243, 242, 242, 241, 241, 241, 242, 243, 242, 241, 242, 243, 243, 243, 243, 242, 241, 240, 240, 240, 240, 241, 241, 240, 241, 242, 242, 241, 241, 241, 241, 241, 241, 242, 242, 242, 241, 242, 243, 242, 242, 243, 242, 242, 241, 241, 242, 243, 243, 242, 241, 241, 241, 241, 241, 242, 241, 242, 242, 243, 243, 243, 242, 241, 241, 241, 241, 241, 242, 241, 241, 241, 242, 242, 242, 242, 242, 243, 242, 243, 243, 243, 242, 242, 242, 243, 243, 242, 243, 242, 243, 242, 243, 242, 243, 242, 242, 242, 243, 243, 242, 242, 242, 242, 241, 241, 241, 242, 241, 242, 242, 242, 242, 242, 242, 243, 243, 243, 243, 243, 243, 243, 243, 243, 243, 243, 242, 243, 243, 243, 243, 243, 243, 243, 243, 243, 243, 243, 243, 243, 243, 243, 243, 243, 243, 243, 243, 243, 242, 241, 240, 240, 240, 240, 240, 240, 241, 241, 241, 241, 241, 241, 240, 240, 240, 239, 238, 237, 236, 235, 234, 233, 232, 231, 230, 229, 228, 228, 227, 226, 225, 224, 223, 222, 221, 221, 220, 221, 220, 219, 218, 217, 216, 215, 215, 214, 214, 213, 212, 211, 211, 210, 209, 209, 210, 211, 212, 213, 212, 211, 212]
Removed seam 157/160
Energy: 2157
Seam: [190, 191, 190, 190, 190, 189, 188, 188, 187, 186, 186, 185, 184, 184, 183, 182, 183, 183, 184, 185, 186, 186, 187, 188, 189, 189, 189, 190, 191, 192, 193, 194, 194, 193, 192, 193, 194, 193, 194, 193, 192, 191, 192, 193, 194, 195, 194, 193, 193, 194, 194, 195, 194, 194, 194, 194, 194, 194, 195, 194, 195, 194, 193, 193, 192, 191, 192, 192, 191, 190, 190, 191, 192, 192, 193, 194, 194, 195, 196, 196, 196, 196, 195, 196, 196, 196, 195, 195, 196, 197, 198, 199, 200, 201, 202, 203, 204, 205, 206, 205, 205, 205, 206, 206, 206, 207, 208, 208, 207, 207, 208, 207, 207, 207, 208, 208, 209, 209, 208, 208, 209, 209, 208, 207, 206, 207, 206, 206, 207, 206, 207, 206, 206, 206, 207, 206, 206, 206, 205, 206, 206, 207, 207, 208, 207, 208, 208, 209, 210, 211, 211, 212, 211, 211, 211, 211, 211, 212, 211, 212, 211, 212, 212, 213, 213, 214, 213, 213, 214, 214, 215, 214, 213, 212, 211, 210, 210, 210, 210, 211, 211, 211, 211, 211, 211, 211, 211, 211, 211, 212, 211, 210, 210, 211, 210, 211, 210, 211, 210, 211, 210, 210, 210, 210, 210, 209, 208, 208, 208, 207, 206, 206, 206, 207, 207, 207, 206, 205, 205, 204, 203, 203, 202, 203, 202, 201, 201, 200, 199, 198, 197, 196, 195, 194, 193, 194, 193, 192, 191, 190, 190, 191, 190, 189, 190, 189, 188, 187, 186, 185, 184, 183, 184, 184, 185, 185, 185, 186, 187, 187, 187, 187, 188, 189, 190, 189, 188, 188, 189, 188, 189]
Removed seam 158/160
Energy: 2163
Seam: [67, 68, 67, 68, 67, 68, 69, 69, 69, 70, 70, 71, 70, 71, 70, 70, 69, 68, 67, 66, 65, 64, 63, 62, 61, 60, 59, 58, 57, 56, 55, 55, 54, 53, 52, 51, 50, 49, 50, 50, 50, 51, 52, 53, 54, 55, 56, 57, 58, 59, 60, 61, 62, 63, 64, 65, 66, 67, 68, 69, 70, 71, 72, 73, 74, 75, 76, 77, 77, 78, 79, 80, 81, 82, 83, 84, 85, 86, 87, 88, 88, 89, 90, 91, 92, 91, 92, 91, 91, 92, 92, 91, 92, 93, 94, 95, 94, 93, 93, 94, 95, 94, 94, 95, 94, 93, 92, 92, 93, 94, 95, 96, 97, 98, 99, 98, 97, 96, 97, 98, 99, 98, 97, 96, 95, 95, 96, 97, 98, 99, 100, 101, 101, 102, 103, 104, 104, 103, 104, 105, 106, 107, 108, 109, 108, 107, 106, 107, 106, 105, 104, 104, 105, 106, 105, 104, 103, 103, 103, 104, 103, 102, 101, 100, 100, 99, 98, 97, 97, 96, 95, 94, 94, 93, 93, 94, 93, 92, 91, 90, 89, 90, 89, 90, 91, 90, 90, 89, 89, 88, 87, 86, 86, 85, 84, 85, 85, 85, 84, 83, 82, 81, 80, 79, 78, 77, 76, 75, 74, 73, 73, 72, 71, 71, 70, 69, 68, 67, 66, 65, 64, 63, 62, 61, 60, 59, 58, 57, 56, 55, 54, 53, 52, 51, 50, 50, 49, 50, 49, 48, 48, 47, 48, 48, 47, 46, 47, 47, 46, 45, 46, 47, 46, 47, 47, 48, 49, 49, 49, 50, 50, 49, 49, 48, 47, 48, 49, 48, 47, 48, 48]
Removed seam 159/160
Energy: 2166
Seam: [8, 8, 8, 9, 10, 11, 12, 13, 14, 14, 15, 16, 15, 14, 15, 14, 14, 13, 12, 12, 12, 12, 13, 14, 15, 16, 16, 16, 17, 18, 19, 20, 20, 21, 22, 23, 24, 25, 26, 27, 27, 28, 29, 30, 31, 30, 29, 29, 30, 30, 31, 32, 31, 30, 30, 29, 28, 27, 26, 25, 24, 23, 22, 21, 20, 19, 18, 17, 16, 15, 16, 16, 15, 15, 16, 15, 15, 14, 15, 16, 15, 14, 13, 12, 12, 13, 13, 14, 13, 12, 11, 10, 10, 9, 8, 8, 8, 8, 9, 10, 9, 8, 7, 7, 6, 5, 4, 4, 5, 5, 6, 7, 8, 9, 10, 11, 11, 12, 13, 14, 15, 16, 17, 18, 18, 19, 20, 21, 22, 23, 22, 21, 22, 22, 21, 21, 22, 23, 24, 25, 26, 27, 28, 29, 30, 31, 32, 33, 34, 35, 36, 37, 38, 39, 40, 41, 42, 42, 41, 40, 41, 42, 43, 44, 45, 46, 47, 48, 49, 49, 48, 49, 50, 51, 51, 50, 50, 51, 52, 53, 54, 55, 56, 57, 58, 59, 60, 61, 61, 62, 62, 61, 60, 59, 59, 58, 59, 58, 59, 58, 59, 60, 61, 60, 59, 58, 57, 56, 55, 54, 53, 52, 51, 50, 49, 48, 47, 46, 45, 44, 43, 42, 41, 40, 41, 40, 39, 38, 37, 36, 35, 34, 34, 35, 36, 36, 35, 35, 35, 34, 34, 33, 32, 31, 30, 29, 28, 29, 30, 31, 30, 29, 28, 29, 29, 29, 28, 27, 26, 27, 26, 25, 26, 26, 25, 26, 26, 25, 24, 23, 24]
Removed seam 160/160
